0.617173
0.891744
0.303277
0.337988
0.794653
0.386210
0.006845
0.190521
0.414223
0.294416
0.656333
0.992023
0.943993
0.964967
0.506676
0.378670
0.275338
0.283961
0.829893
0.104447
0.824030
0.091058
0.583344
0.418321
0.416242
0.885659
0.093108
0.915013
0.778130
0.574106
0.910755
0.447651
0.482925
0.517308
0.071410
0.760504
0.197432
0.118432
0.522588
0.309088
0.268146
0.678921
0.610198
0.245071
0.321944
0.616874
0.368812
0.694564
0.684796
0.141879
0.530142
0.127207
0.198995
0.153371
0.422734
0.314232
0.499572
0.590328
0.543477
0.777275
0.166109
0.954232
0.672577
0.315142
0.485770
0.743856
0.445394
0.380634
0.086414
0.913377
0.879444
0.363804
0.296149
0.015463
0.353947
0.736186
0.606515
0.945518
0.465375
0.791312
0.513036
0.960892
0.800138
0.809017
0.143594
0.161401
0.937481
0.286761
0.735934
0.245240
0.850797
0.900368
0.935190
0.261687
0.530653
0.226683
0.767231
0.921442
0.333999
0.958546
0.834819
0.547443
0.171539
0.927117
0.067136
0.447024
0.165826
0.643600
0.839566
0.297027
0.116864
0.106575
0.277473
0.367525
0.661619
0.314662
0.440327
0.037444
0.043928
0.616589
0.580058
0.553644
0.016155
0.257624
0.577019
0.547611
0.460989
0.422125
0.969053
0.589977
0.100349
0.401936
0.159355
0.247238
0.730989
0.168626
0.441499
0.447146
0.102263
0.361283
0.123543
0.047063
0.287584
0.271646
0.494032
0.184197
0.084077
0.054295
0.208971
0.109433
0.985308
0.915943
0.929106
0.502265
0.232798
0.063266
0.549875
0.426585
0.850374
0.032433
0.943147
0.653170
0.411400
0.145142
0.642121
0.553788
0.047192
0.525119
0.948080
0.071647
0.747685
0.468213
0.826190
0.411426
0.244929
0.814254
0.279819
0.652333
0.170743
0.447762
0.527795
0.668280
0.101433
0.956901
0.670545
0.185665
0.963025
0.360210
0.297914
0.101675
0.369674
0.269488
0.966569
0.140537
0.309771
0.304345
0.615936
0.437307
0.158452
0.564017
0.947789
0.881494
0.500443
0.193495
0.704346
0.980160
0.588232
0.763985
0.158123
0.771205
0.329754
0.330144
0.939485
0.485488
0.617189
0.152508
0.356817
0.145054
0.415225
0.202366
0.893614
0.004452
0.424219
0.215046
0.157987
0.241995
0.968873
0.747884
0.842595
0.602683
0.202975
0.395192
0.492089
0.812344
0.282181
0.086065
0.792504
0.652595
0.952508
0.924998
0.923800
0.612017
0.585286
0.431642
0.582994
0.087809
0.486657
0.796628
0.782689
0.100471
0.303046
0.338152
0.109196
0.238633
0.268243
0.126378
0.922512
0.505360
0.753397
0.047819
0.076005
0.141324
0.277745
0.592220
0.877642
0.019370
0.780744
0.335073
0.772448
0.366626
0.297572
0.348124
0.006604
0.680429
0.139883
0.928263
0.220726
0.266424
0.724891
0.665594
0.418306
0.830983
0.841897
0.355089
0.785514
0.878383
0.357845
0.177006
0.883743
0.484544
0.243283
0.991786
0.267193
0.264312
0.292003
0.912027
0.324238
0.864749
0.145543
0.230231
0.074750
0.338658
0.308586
0.117909
0.857746
0.676705
0.871534
0.740651
0.709552
0.149106
0.453122
0.136541
0.927408
0.748141
0.378171
0.712922
0.626525
0.972033
0.920947
0.255134
0.941120
0.111760
0.502054
0.975505
0.461351
0.146515
0.443766
0.571180
0.950809
0.484853
0.992105
0.548810
0.161756
0.609277
0.992081
0.252384
0.392991
0.863615
0.745419
0.062221
0.960040
0.325832
0.135425
0.887448
0.899805
0.399020
0.037523
0.263165
0.770073
0.521317
0.067075
0.355597
0.915397
0.269326
0.686699
0.419050
0.312355
0.287116
0.909279
0.575519
0.067992
0.112673
0.624330
0.690959
0.510661
0.308206
0.695728
0.398321
0.980026
0.470574
0.396088
0.940066
0.037051
0.416938
0.413757
0.248154
0.039495
0.463942
0.259473
0.225497
0.949202
0.555543
0.306592
0.864599
0.594194
0.399941
0.702698
0.718905
0.218528
0.305989
0.397212
0.229513
0.256681
0.918754
0.609010
0.524022
0.267583
0.050296
0.820665
0.515191
0.745885
0.612842
0.477629
0.838696
0.946718
0.097847
0.831312
0.036165
0.355329
0.425129
0.245156
0.082482
0.905801
0.296904
0.524459
0.499998
0.111711
0.181789
0.718900
0.191951
0.419567
0.513324
0.685854
0.106562
0.932078
0.397432
0.876518
0.967243
0.599602
0.697183
0.491217
0.422744
0.405012
0.937693
0.684184
0.378371
0.720465
0.515496
0.417688
0.116390
0.865754
0.408000
0.036936
0.192889
0.227452
0.615442
0.385775
0.803499
0.842599
0.990450
0.571302
0.681734
0.251887
0.378578
0.534230
0.935852
0.552020
0.227687
0.451548
0.081453
0.607931
0.885530
0.498555
0.229489
0.411612
0.681293
0.337349
0.543689
0.021775
0.001992
0.974812
0.562543
0.413038
0.565795
0.834098
0.367942
0.170309
0.605649
0.539383
0.523835
0.018628
0.610685
0.044098
0.599873
0.867841
0.739798
0.066966
0.229965
0.010165
0.938820
0.142871
0.758477
0.206088
0.284296
0.676432
0.323787
0.374943
0.851130
0.691262
0.473338
0.861205
0.666074
0.254610
0.687282
0.045742
0.843318
0.230792
0.913105
0.948966
0.962550
0.468470
0.545065
0.143309
0.642510
0.322469
0.235269
0.441154
0.680663
0.107617
0.266427
0.309741
0.932420
0.197833
0.471917
0.501013
0.967763
0.036963
0.750900
0.818894
0.782670
0.174394
0.170025
0.474372
0.353397
0.433690
0.680613
0.550112
0.395274
0.074215
0.499539
0.753097
0.265330
0.272072
0.413166
0.673169
0.172270
0.383704
0.138869
0.869744
0.314172
0.294166
0.989227
0.560765
0.439831
0.933061
0.561778
0.211856
0.524468
0.203169
0.666319
0.807138
0.031891
0.846418
0.755882
0.358524
0.713799
0.468248
0.383580
0.504346
0.265107
0.191560
0.757443
0.560873
0.405192
0.583774
0.367021
0.999465
0.851182
0.394760
0.434604
0.979526
0.877850
0.214609
0.540291
0.757513
0.791497
0.150517
0.604938
0.815965
0.057172
0.192814
0.155776
0.925000
0.308838
0.878986
0.642048
0.831475
0.407741
0.909208
0.835822
0.211424
0.337724
0.296632
0.906568
0.246458
0.677039
0.160153
0.985295
0.264110
0.465065
0.427252
0.507746
0.807980
0.356470
0.034252
0.565493
0.504436
0.162527
0.335216
0.205100
0.564853
0.941689
0.117938
0.494926
0.559365
0.102811
0.631900
0.445420
0.318986
0.541108
0.726663
0.491833
0.716556
0.819927
0.055640
0.702386
0.498483
0.132711
0.687681
0.131297
0.480487
0.542185
0.133233
0.384477
0.755124
0.145243
0.834447
0.379780
0.731077
0.504879
0.579961
0.397965
0.473284
0.523466
0.196446
0.505933
0.845956
0.917683
0.448387
0.983927
0.119849
0.623436
0.120949
0.675347
0.943363
0.107229
0.877733
0.940330
0.222168
0.070677
0.482758
0.424824
0.607600
0.499225
0.154651
0.215681
0.289710
0.953051
0.311142
0.810497
0.957930
0.702246
0.606426
0.904497
0.725711
0.892209
0.910430
0.142917
0.809891
0.807204
0.277797
0.768682
0.232660
0.261594
0.944029
0.874003
0.440508
0.102720
0.814333
0.384845
0.027724
0.779850
0.154835
0.994776
0.778300
0.737943
0.857500
0.857720
0.345497
0.979785
0.668217
0.648923
0.682031
0.006052
0.553421
0.113468
0.333426
0.481925
0.244852
0.976743
0.771054
0.267502
0.011647
0.701694
0.004361
0.689454
0.575697
0.469604
0.511217
0.013907
0.022153
0.898393
0.669880
0.828237
0.223292
0.118522
0.283090
0.750670
0.805900
0.047323
0.730455
0.487058
0.056631
0.228122
0.748760
0.959518
0.205057
0.915612
0.923368
0.099955
0.446177
0.173606
0.834642
0.318890
0.896117
0.892834
0.025851
0.485907
0.416021
0.838450
0.430922
0.270470
0.736844
0.531725
0.869177
0.630014
0.979905
0.935357
0.880684
0.785805
0.346266
0.152785
0.759922
0.299314
0.032727
0.254341
0.558146
0.210964
0.924294
0.490757
0.160873
0.816649
0.337968
0.978135
0.119304
0.572054
0.870969
0.097708
0.067983
0.703010
0.620113
0.452856
0.743950
0.214239
0.029295
0.613128
0.246743
0.917344
0.137121
0.867655
0.351574
0.370508
0.978795
0.481536
0.104956
0.502421
0.242938
0.897790
0.846276
0.056003
0.879304
0.989770
0.712696
0.555241
0.967905
0.667125
0.627295
0.419437
0.948788
0.671163
0.541884
0.568901
0.576876
0.392917
0.925858
0.514314
0.898962
0.912829
0.931658
0.473724
0.390242
0.634807
0.172116
0.759280
0.597878
0.528108
0.011902
0.071204
0.462949
0.607978
0.120710
0.402601
0.597747
0.678375
0.860444
0.282826
0.845500
0.493869
0.226131
0.198572
0.658902
0.946410
0.863188
0.735777
0.732244
0.789046
0.187523
0.631206
0.350937
0.681749
0.578653
0.982359
0.816556
0.767117
0.370819
0.228608
0.397612
0.503340
0.246016
0.721123
0.305659
0.237436
0.526326
0.709065
0.314059
0.443385
0.774717
0.973618
0.874509
0.679243
0.767905
0.266705
0.312827
0.631093
0.769188
0.006702
0.230035
0.259640
0.989104
0.311007
0.701029
0.035485
0.604374
0.258792
0.834874
0.423006
0.932018
0.078762
0.849353
0.916083
0.851222
0.960671
0.216456
0.219387
0.669736
0.496972
0.382159
0.029514
0.967561
0.638827
0.155924
0.045967
0.336119
0.374675
0.866560
0.941427
0.303623
0.786699
0.960707
0.596350
0.056795
0.661736
0.664108
0.513087
0.679321
0.998982
0.859100
0.152835
0.629080
0.354226
0.131856
0.122538
0.334561
0.013957
0.214463
0.838859
0.443596
0.311084
0.783312
0.854753
0.380498
0.907008
0.590219
0.233309
0.328179
0.956779
0.874661
0.095450
0.185870
0.835368
0.429977
0.163048
0.249276
0.524062
0.041580
0.676425
0.261522
0.524378
0.393882
0.652124
0.183208
0.407593
0.632426
0.450977
0.354218
0.990277
0.740812
0.037227
0.153111
0.065515
0.950380
0.436721
0.232783
0.270300
0.403338
0.293744
0.997379
0.681337
0.425546
0.370429
0.258352
0.177762
0.446524
0.256904
0.091889
0.279164
0.172558
0.379076
0.036419
0.488999
0.227569
0.203884
0.198296
0.542703
0.358745
0.250810
0.532980
0.958302
0.298623
0.645425
0.982426
0.547627
0.518866
0.913557
0.588227
0.825541
0.501046
0.585606
0.015840
0.106517
0.826463
0.523582
0.140796
0.719511
0.537391
0.199574
0.388919
0.727624
0.556447
0.430272
0.705622
0.966723
0.338041
0.998807
0.031839
0.055848
0.500427
0.542406
0.851873
0.597674
0.343915
0.417149
0.322650
0.706697
0.373928
0.183382
0.266119
0.748902
0.819133
0.539116
0.601040
0.161399
0.281349
0.166056
0.865107
0.600089
0.060157
0.642946
0.827714
0.518966
0.503490
0.016667
0.492845
0.679571
0.066518
0.995116
0.573142
0.532570
0.268761
0.028907
0.630244
0.725352
0.759315
0.775544
0.233012
0.507171
0.509072
0.964287
0.047255
0.414102
0.251701
0.053570
0.486900
0.070763
0.130335
0.419454
0.666190
0.245965
0.981853
0.248476
0.125706
0.985344
0.527240
0.494258
0.020779
0.559384
0.983631
0.369029
0.295977
0.065144
0.331537
0.722197
0.746505
0.922388
0.997742
0.678554
0.464779
0.253407
0.160710
0.685632
0.835019
0.323122
0.542745
0.808819
0.356172
0.564084
0.647727
0.439267
0.547943
0.629580
0.436220
0.550768
0.153731
0.899679
0.269642
0.194960
0.239766
0.522914
0.258949
0.551017
0.544067
0.680971
0.386607
0.098822
0.301680
0.770956
0.484563
0.532918
0.012153
0.305983
0.089819
0.612789
0.758210
0.761295
0.230402
0.970554
0.412689
0.284668
0.849089
0.873322
0.698916
0.045095
0.924090
0.813840
0.621207
0.963374
0.593680
0.145068
0.493144
0.305789
0.631287
0.265178
0.792549
0.904502
0.410464
0.895908
0.675458
0.098757
0.464413
0.953228
0.902020
0.323688
0.141504
0.165058
0.908670
0.123453
0.630784
0.734049
0.278480
0.979873
0.607371
0.755876
0.701401
0.265731
0.142429
0.102826
0.994835
0.165849
0.225720
0.981123
0.387487
0.534166
0.511478
0.567522
0.938668
0.104051
0.481715
0.038383
0.038904
0.892255
0.567354
0.524480
0.539631
0.633371
0.684710
0.948301
0.620996
0.815494
0.170588
0.338978
0.198842
0.789721
0.933832
0.996768
0.821182
0.125887
0.819376
0.204004
0.020842
0.361127
0.049821
0.470958
0.756420
0.808618
0.509438
0.347544
0.641024
0.972868
0.404607
0.381742
0.432562
0.876568
0.787963
0.452377
0.001992
0.972673
0.853055
0.157734
0.197042
0.535406
0.404445
0.036471
0.825127
0.742723
0.580302
0.161577
0.746270
0.449839
0.962327
0.913213
0.155483
0.759466
0.855129
0.439176
0.284042
0.432284
0.071680
0.177277
0.052340
0.882654
0.486296
0.351279
0.189806
0.760555
0.151828
0.769161
0.183307
0.960368
0.900096
0.016294
0.995773
0.708987
0.037808
0.102613
0.237927
0.685231
0.241802
0.348990
0.036557
0.929536
0.611192
0.176710
0.344501
0.966321
0.292596
0.757087
0.830889
0.658632
0.966196
0.668324
0.270643
0.938788
0.054430
0.400254
0.349671
0.244549
0.569669
0.932571
0.117320
0.030305
0.953966
0.934336
0.678752
0.139724
0.755236
0.039404
0.744126
0.722446
0.414220
0.829034
0.651982
0.939633
0.267937
0.840985
0.113244
0.155266
0.149518
0.368422
0.779697
0.564268
0.905167
0.820983
0.062882
0.776049
0.155373
0.702398
0.023570
0.691160
0.317484
0.086601
0.165231
0.588935
0.627141
0.839677
0.647830
0.441189
0.970138
0.891956
0.604823
0.798579
0.180247
0.378403
0.738213
0.378432
0.298895
0.644167
0.877929
0.347931
0.881010
0.328813
0.190033
0.786177
0.244652
0.190797
0.140557
0.075013
0.965585
0.204117
0.791260
0.600554
0.127319
0.952185
0.689489
0.636417
0.791862
0.209330
0.518794
0.381000
0.729275
0.623618
0.070072
0.237566
0.880423
0.798792
0.353564
0.978213
0.471480
0.585057
0.337038
0.205993
0.046418
0.467104
0.610148
0.180323
0.348697
0.672374
0.205349
0.331490
0.494422
0.612655
0.763533
0.499060
0.564840
0.476511
0.317268
0.428351
0.790341
0.653331
0.154676
0.259808
0.388475
0.169821
0.484940
0.082172
0.978075
0.677008
0.635586
0.460517
0.381033
0.809662
0.372503
0.252375
0.743869
0.855153
0.363022
0.470631
0.032970
0.273719
0.075530
0.258186
0.330047
0.867775
0.514491
0.724934
0.410399
0.649028
0.581636
0.611140
0.401180
0.700339
0.630755
0.579308
0.219905
0.300318
0.736680
0.857697
0.777644
0.054517
0.778732
0.539710
0.340964
0.523737
0.068057
0.925797
0.439445
0.385252
0.867059
0.906417
0.817942
0.971301
0.922789
0.978036
0.839077
0.468640
0.175742
0.659875
0.586307
0.784606
0.385507
0.111083
0.492472
0.901770
0.967975
0.432283
0.502406
0.352328
0.361132
0.390025
0.288461
0.500995
0.204940
0.094856
0.524733
0.216055
0.342323
0.903623
0.317362
0.551705
0.050628
0.952666
0.523006
0.366414
0.465351
0.026940
0.167527
0.316836
0.521958
0.378208
0.918277
0.792973
0.322541
0.112903
0.086843
0.613057
0.383894
0.043572
0.817712
0.061878
0.488599
0.894634
0.123881
0.398479
0.163371
0.515780
0.330589
0.419064
0.057463
0.795902
0.889834
0.729443
0.046786
0.057052
0.962272
0.679270
0.048433
0.632380
0.812942
0.796881
0.888796
0.731219
0.036866
0.533878
0.634441
0.784596
0.323468
0.902229
0.981745
0.964648
0.446141
0.958943
0.859281
0.441664
0.377951
0.512764
0.899108
0.229270
0.850893
0.818511
0.712981
0.092591
0.273977
0.480774
0.653566
0.510226
0.640819
0.928489
0.642607
0.476881
0.725370
0.265701
0.684980
0.815224
0.282640
0.204855
0.074978
0.011128
0.360825
0.581565
0.169216
0.038371
0.540508
0.536145
0.498630
0.796409
0.274455
0.896369
0.713488
0.899803
0.089360
0.926469
0.640529
0.762834
0.888018
0.198524
0.096633
0.132209
0.361293
0.915667
0.491299
0.947955
0.029596
0.166895
0.190795
0.256175
0.123375
0.862999
0.362283
0.354326
0.472282
0.450715
0.411292
0.985072
0.937575
0.051240
0.390741
0.986485
0.716212
0.497485
0.443144
0.116386
0.921438
0.263409
0.693926
0.404728
0.410457
0.966986
0.419147
0.135875
0.882653
0.205223
0.991454
0.829723
0.061779
0.377316
0.842073
0.975471
0.617632
0.566639
0.684122
0.562197
0.121009
0.253353
0.547269
0.905645
0.413275
0.828750
0.892130
0.271381
0.823719
0.778418
0.486927
0.186289
0.805236
0.667779
0.277307
0.078269
0.158691
0.223227
0.167412
0.517419
0.713798
0.330550
0.423571
0.702269
0.228933
0.689215
0.338870
0.533366
0.755854
0.430931
0.074445
0.723923
0.217142
0.642832
0.078696
0.347559
0.971582
0.521698
0.092235
0.397650
0.800116
0.355866
0.540458
0.302676
0.879512
0.595071
0.365750
0.128570
0.493989
0.901147
0.531697
0.701776
0.562248
0.109855
0.113006
0.977982
0.568053
0.581785
0.000999
0.102988
0.943648
0.075864
0.547830
0.812216
0.374872
0.169349
0.507334
0.721325
0.699096
0.023288
0.516626
0.499606
0.478473
0.139271
0.604563
0.418229
0.326077
0.836063
0.425368
0.160033
0.368605
0.882434
0.841909
0.799459
0.761273
0.745954
0.048590
0.829326
0.413870
0.049299
0.653233
0.771387
0.895702
0.701064
0.145901
0.645445
0.878462
0.147734
0.433385
0.288779
0.209038
0.883396
0.576769
0.396548
0.235120
0.340666
0.039347
0.296317
0.517395
0.490146
0.366384
0.188651
0.431363
0.574676
0.554065
0.623999
0.205158
0.207877
0.476663
0.648370
0.155074
0.151640
0.459879
0.515998
0.807622
0.503361
0.165361
0.343042
0.594298
0.264106
0.023864
0.930449
0.455804
0.840411
0.723545
0.426044
0.521743
0.426550
0.236181
0.539138
0.208348
0.338745
0.793744
0.348060
0.752167
0.211952
0.205030
0.572797
0.084914
0.386722
0.360584
0.799611
0.440001
0.640925
0.407805
0.687625
0.161071
0.977052
0.873709
0.738584
0.505265
0.318675
0.334516
0.916874
0.977761
0.892578
0.768962
0.999504
0.745679
0.713685
0.134660
0.289536
0.891175
0.832385
0.048449
0.321671
0.680194
0.148827
0.358070
0.429754
0.868753
0.029291
0.659120
0.748756
0.578232
0.974730
0.936381
0.722518
0.118973
0.405045
0.015017
0.478524
0.236860
0.315067
0.873922
0.057825
0.261356
0.642884
0.924707
0.768391
0.107071
0.963349
0.847463
0.186936
0.099467
0.311327
0.445543
0.975928
0.358981
0.075903
0.835437
0.586716
0.544532
0.497279
0.835472
0.311382
0.242322
0.192963
0.105660
0.230267
0.290972
0.100798
0.439059
0.529385
0.936517
0.188010
0.954588
0.959230
0.894923
0.439647
0.181905
0.751492
0.842643
0.287542
0.999236
0.638377
0.043609
0.445161
0.307153
0.457850
0.498773
0.474871
0.062802
0.542079
0.059019
0.837888
0.332421
0.228397
0.609741
0.255062
0.834658
0.691685
0.408253
0.712775
0.022533
0.753024
0.964814
0.675657
0.356127
0.429868
0.554952
0.939875
0.305614
0.448798
0.514959
0.610464
0.535973
0.712696
0.500786
0.325139
0.628396
0.499167
0.037501
0.630812
0.540412
0.017010
0.484350
0.705255
0.957910
0.578442
0.715378
0.396284
0.770126
0.132971
0.505343
0.991196
0.784910
0.970157
0.666853
0.249291
0.829894
0.045113
0.937039
0.941123
0.619400
0.238000
0.551588
0.327687
0.664695
0.276187
0.050353
0.099136
0.068838
0.014151
0.115488
0.295560
0.949994
0.446302
0.796374
0.453952
0.242761
0.511752
0.175118
0.741172
0.543637
0.705815
0.366184
0.025892
0.337986
0.899221
0.206428
0.252933
0.310513
0.762751
0.946990
0.740427
0.714749
0.499289
0.895800
0.027483
0.550951
0.175363
0.672535
0.601658
0.151781
0.596439
0.692777
0.557118
0.989043
0.989151
0.965022
0.960088
0.125226
0.665494
0.350630
0.544540
0.871309
0.933629
0.873087
0.547281
0.416425
0.174700
0.553148
0.238469
0.961550
0.500138
0.694304
0.676299
0.998715
0.590104
0.555743
0.137417
0.791556
0.091035
0.325662
0.898680
0.824717
0.844102
0.955798
0.813759
0.416627
0.460410
0.193462
0.417078
0.293157
0.975108
0.878696
0.957623
0.227184
0.751784
0.252452
0.370793
0.950583
0.139513
0.695463
0.114017
0.558191
0.055610
0.588431
0.017403
0.979872
0.644174
0.606573
0.385714
0.872452
0.757898
0.167527
0.697169
0.075250
0.625905
0.255464
0.935253
0.546725
0.392388
0.769409
0.633040
0.759883
0.648105
0.295331
0.668620
0.224972
0.595568
0.227552
0.850472
0.653620
0.605669
0.762604
0.355906
0.995437
0.851036
0.384359
0.975308
0.248802
0.875290
0.746736
0.867662
0.316594
0.916843
0.141208
0.735188
0.271374
0.287879
0.335220
0.036842
0.860534
0.939850
0.722513
0.310208
0.293978
0.406588
0.197259
0.493922
0.908743
0.087405
0.838316
0.017574
0.804912
0.600921
0.387088
0.400174
0.475978
0.135723
0.775657
0.473583
0.114773
0.522393
0.814828
0.275686
0.469618
0.439829
0.786560
0.981983
0.238854
0.957000
0.571456
0.815951
0.896850
0.049623
0.234092
0.984805
0.303572
0.045338
0.243162
0.515888
0.115581
0.810966
0.578252
0.729559
0.113986
0.852427
0.529907
0.431922
0.223830
0.805565
0.025344
0.203376
0.103495
0.312919
0.432438
0.383596
0.031594
0.020357
0.749176
0.240228
0.608435
0.205158
0.388432
0.252643
0.614602
0.356616
0.030940
0.721746
0.469318
0.240685
0.737635
0.431642
0.773708
0.407943
0.592842
0.171399
0.334157
0.311375
0.274719
0.281817
0.928314
0.860448
0.438569
0.756271
0.986285
0.185503
0.261732
0.991781
0.223362
0.772640
0.952695
0.125471
0.296636
0.729559
0.253585
0.707874
0.942791
0.498631
0.464810
0.881428
0.480001
0.667255
0.744711
0.366855
0.491571
0.418777
0.459652
0.081432
0.960303
0.242186
0.357546
0.222154
0.829191
0.018507
0.161222
0.006371
0.208561
0.334176
0.807257
0.727693
0.940993
0.759952
0.729577
0.534265
0.494755
0.736748
0.092767
0.116538
0.367005
0.671761
0.813730
0.173503
0.419508
0.558441
0.463861
0.205540
0.895994
0.211757
0.243404
0.214074
0.815770
0.344353
0.744913
0.080620
0.390468
0.889801
0.960437
0.615180
0.558154
0.383847
0.105359
0.499573
0.527645
0.572450
0.066676
0.129289
0.025287
0.048472
0.237365
0.271603
0.947312
0.763188
0.737219
0.393164
0.205407
0.664941
0.304243
0.179406
0.255984
0.582102
0.035870
0.827738
0.770808
0.818832
0.972699
0.068968
0.354317
0.029160
0.666924
0.766787
0.700830
0.509797
0.191483
0.182119
0.145562
0.199836
0.046602
0.222861
0.143724
0.173772
0.934652
0.065276
0.007487
0.335935
0.404269
0.194977
0.836812
0.028657
0.031173
0.848780
0.999126
0.571448
0.169129
0.769934
0.445140
0.162304
0.821678
0.598913
0.145588
0.123575
0.432850
0.783183
0.998400
0.315817
0.127915
0.580647
0.465489
0.189322
0.972092
0.505875
0.952379
0.453372
0.528083
0.910657
0.144654
0.836620
0.690564
0.228857
0.753644
0.344047
0.764206
0.752770
0.759541
0.470362
0.261352
0.649821
0.294971
0.844382
0.374368
0.336147
0.832984
0.614435
0.477739
0.415692
0.746069
0.483568
0.912031
0.338523
0.362213
0.027629
0.682921
0.676805
0.790868
0.177751
0.073433
0.869483
0.547625
0.389013
0.784910
0.400635
0.241530
0.549116
0.554039
0.725660
0.989841
0.576743
0.218870
0.579782
0.007196
0.624216
0.752077
0.754109
0.184663
0.707554
0.585493
0.984720
0.674690
0.498762
0.661767
0.449558
0.881648
0.422344
0.575920
0.336258
0.277847
0.331691
0.541999
0.603318
0.235352
0.826908
0.452294
0.113441
0.438012
0.958626
0.633186
0.865865
0.535369
0.508668
0.472824
0.956494
0.316442
0.697724
0.710603
0.435768
0.905278
0.199024
0.428128
0.289984
0.793620
0.518024
0.244771
0.337634
0.431356
0.277501
0.105973
0.114801
0.044899
0.889783
0.130431
0.164948
0.358346
0.463155
0.141830
0.148179
0.884937
0.700505
0.958580
0.460153
0.354586
0.904227
0.438400
0.842057
0.601951
0.587402
0.713593
0.063404
0.883498
0.569850
0.293599
0.042320
0.587874
0.566280
0.426193
0.950586
0.621283
0.350086
0.868992
0.839668
0.147488
0.890716
0.999461
0.403322
0.817026
0.566779
0.899360
0.701963
0.191821
0.026811
0.622269
0.488229
0.047636
0.999068
0.818515
0.864120
0.293235
0.532108
0.871349
0.242492
0.037622
0.958546
0.161772
0.689832
0.262413
0.999474
0.160105
0.646110
0.699645
0.063676
0.246444
0.789599
0.900126
0.985238
0.149061
0.717152
0.276009
0.995604
0.459558
0.409651
0.853545
0.541385
0.795760
0.615713
0.540453
0.076784
0.061240
0.626923
0.646383
0.851182
0.596892
0.093543
0.809728
0.371989
0.938174
0.834554
0.743453
0.289296
0.980664
0.471549
0.294002
0.966442
0.183174
0.988129
0.951680
0.051809
0.352641
0.503698
0.824545
0.009756
0.411500
0.339045
0.332891
0.618761
0.396902
0.706235
0.733036
0.386818
0.416579
0.879419
0.078102
0.058128
0.627761
0.934546
0.337014
0.070742
0.192275
0.917481
0.322264
0.749764
0.860579
0.183133
0.716206
0.593276
0.360330
0.166972
0.922216
0.231486
0.671584
0.186690
0.550340
0.994585
0.924851
0.716122
0.076668
0.718654
0.028824
0.026449
0.992290
0.377758
0.725801
0.617108
0.342783
0.426781
0.034478
0.214899
0.459749
0.820754
0.777075
0.564026
0.142630
0.637654
0.796557
0.786724
0.365465
0.517218
0.954610
0.163286
0.117895
0.626194
0.007031
0.993500
0.155195
0.824757
0.177405
0.734125
0.135853
0.157995
0.580507
0.133925
0.443747
0.201577
0.652809
0.573059
0.329936
0.176116
0.932654
0.009053
0.525217
0.709729
0.643396
0.595735
0.423692
0.939953
0.882460
0.144578
0.478585
0.104634
0.045716
0.450165
0.963264
0.631365
0.893830
0.073005
0.239031
0.603451
0.818169
0.999533
0.735430
0.449338
0.535234
0.311462
0.352493
0.086005
0.695984
0.027027
0.223127
0.009822
0.029507
0.917723
0.838366
0.293812
0.513459
0.685749
0.527576
0.223980
0.023877
0.984747
0.183247
0.062220
0.442538
0.087032
0.626886
0.778907
0.048769
0.291504
0.882358
0.598466
0.582542
0.154447
0.997143
0.154444
0.370356
0.702128
0.201455
0.936696
0.566986
0.698325
0.282667
0.511213
0.308024
0.903699
0.598836
0.629507
0.589448
0.078301
0.525425
0.853510
0.038197
0.379207
0.849031
0.498118
0.477333
0.975917
0.775143
0.367482
0.558925
0.082188
0.833429
0.320733
0.775289
0.415286
0.379621
0.516001
0.532701
0.282531
0.952697
0.037480
0.763386
0.518031
0.610900
0.439717
0.460865
0.709735
0.508942
0.511178
0.836147
0.534367
0.216172
0.947306
0.792781
0.089215
0.943542
0.747448
0.689636
0.718684
0.982411
0.046785
0.876185
0.407920
0.445014
0.162869
0.161603
0.040579
0.010429
0.679113
0.357167
0.620173
0.778800
0.488860
0.159551
0.222425
0.053572
0.279967
0.599435
0.866096
0.142778
0.935582
0.225116
0.029244
0.110361
0.693245
0.081190
0.206608
0.235173
0.839156
0.545115
0.923103
0.587717
0.460650
0.738943
0.977746
0.572774
0.885356
0.627018
0.740250
0.141117
0.420675
0.215106
0.843269
0.102384
0.031207
0.091621
0.084528
0.279281
0.832403
0.542321
0.314836
0.191996
0.014731
0.565473
0.650874
0.636029
0.714992
0.977304
0.144180
0.554147
0.130605
0.999824
0.320932
0.471859
0.738768
0.309805
0.516493
0.312062
0.746629
0.189186
0.688593
0.587979
0.019286
0.265931
0.907050
0.002405
0.382415
0.583274
0.674355
0.149309
0.625595
0.804028
0.013519
0.568380
0.108688
0.516094
0.352204
0.073062
0.496699
0.390565
0.638640
0.257908
0.390477
0.780505
0.959536
0.519722
0.900115
0.488014
0.643846
0.646744
0.732772
0.208110
0.367362
0.849939
0.864302
0.320886
0.241433
0.629133
0.725047
0.640089
0.726367
0.212661
0.029504
0.295793
0.919022
0.813618
0.607680
0.311715
0.898110
0.300539
0.226140
0.268375
0.154224
0.342757
0.817255
0.576430
0.705237
0.717370
0.138115
0.849083
0.432057
0.785231
0.681523
0.074855
0.317585
0.272912
0.370305
0.300452
0.168739
0.060354
0.740992
0.901324
0.204075
0.342555
0.992910
0.091915
0.998727
0.600590
0.429376
0.112105
0.701668
0.381657
0.466794
0.818562
0.948829
0.750842
0.894992
0.327033
0.484106
0.947451
0.503149
0.208082
0.366341
0.684672
0.931164
0.216963
0.730496
0.671775
0.968755
0.905454
0.637433
0.022180
0.806777
0.238433
0.447428
0.049980
0.172264
0.893584
0.900278
0.273904
0.790421
0.002351
0.202780
0.724008
0.460254
0.759950
0.974851
0.815500
0.000893
0.943063
0.190738
0.917165
0.387695
0.497816
0.300918
0.706554
0.431742
0.416167
0.439165
0.832240
0.737787
0.257881
0.270994
0.272282
0.484747
0.234211
0.844252
0.329275
0.415214
0.372265
0.088295
0.620850
0.846475
0.129370
0.844858
0.766982
0.388715
0.409854
0.291241
0.345723
0.762772
0.422716
0.608611
0.538162
0.105133
0.355224
0.186179
0.352275
0.067848
0.623046
0.016775
0.780568
0.638808
0.289389
0.206283
0.608303
0.257811
0.669384
0.766853
0.211513
0.913914
0.973211
0.241725
0.095049
0.990691
0.811759
0.527371
0.768122
0.631468
0.609853
0.959568
0.223560
0.955286
0.568179
0.466201
0.796352
0.778627
0.338559
0.015653
0.821409
0.800164
0.002100
0.009406
0.469486
0.308235
0.231777
0.547275
0.000077
0.596493
0.407064
0.978145
0.510407
0.787339
0.945046
0.770796
0.778031
0.094601
0.798168
0.136538
0.888274
0.454010
0.252860
0.782515
0.215827
0.573900
0.714917
0.659659
0.426263
0.446018
0.660560
0.673936
0.692199
0.698253
0.775912
0.315586
0.814723
0.351511
0.678447
0.118352
0.799515
0.496287
0.924961
0.404961
0.779914
0.435004
0.145180
0.278972
0.313407
0.878886
0.604097
0.515088
0.786907
0.609817
0.199401
0.650214
0.170929
0.064065
0.809873
0.268122
0.452277
0.242608
0.710180
0.596754
0.334343
0.061631
0.727926
0.983409
0.344557
0.906373
0.930225
0.247157
0.898948
0.427593
0.399275
0.339431
0.090649
0.439634
0.736807
0.426004
0.758154
0.210226
0.867096
0.545061
0.950722
0.332350
0.173819
0.634439
0.338609
0.505148
0.670683
0.072722
0.243895
0.440431
0.678527
0.322133
0.433477
0.906453
0.627675
0.556068
0.101603
0.557900
0.544696
0.711774
0.913087
0.843246
0.890636
0.019946
0.361257
0.078430
0.495145
0.980669
0.242087
0.214346
0.262865
0.919069
0.261043
0.721005
0.276754
0.087413
0.363076
0.724190
0.003051
0.350867
0.605053
0.959604
0.105750
0.486004
0.433029
0.121709
0.528075
0.339441
0.531576
0.071596
0.890657
0.236166
0.916017
0.781292
0.145736
0.638531
0.908735
0.573233
0.619200
0.219271
0.930619
0.644930
0.796151
0.952705
0.432967
0.212415
0.652008
0.592088
0.573849
0.933085
0.793821
0.678902
0.446344
0.159955
0.650909
0.758746
0.153374
0.339492
0.937629
0.645073
0.375877
0.828286
0.589735
0.667771
0.304789
0.336340
0.806303
0.518313
0.745913
0.028922
0.895395
0.169133
0.570433
0.691546
0.629237
0.468184
0.541205
0.390623
0.528456
0.153764
0.714330
0.411138
0.793957
0.607019
0.481049
0.001845
0.432883
0.287798
0.311925
0.401697
0.720668
0.218901
0.631680
0.810404
0.271688
0.741258
0.983083
0.849679
0.094946
0.091124
0.775182
0.327483
0.226382
0.211404
0.846513
0.534765
0.390991
0.110965
0.816010
0.810438
0.125693
0.265170
0.079089
0.398365
0.637359
0.297407
0.370798
0.251562
0.670409
0.865447
0.100815
0.222769
0.741052
0.938199
0.701482
0.784428
0.169864
0.085571
0.079263
0.234757
0.014274
0.909289
0.296997
0.204772
0.377452
0.940508
0.853854
0.067111
0.828226
0.167466
0.423663
0.207750
0.350102
0.490020
0.313865
0.418782
0.143714
0.108666
0.210172
0.745264
0.734774
0.161802
0.318171
0.975826
0.585407
0.837823
0.380127
0.764864
0.032649
0.894362
0.703892
0.058497
0.025114
0.199472
0.755037
0.279278
0.738395
0.304446
0.595442
0.566621
0.778755
0.942767
0.897621
0.978960
0.922808
0.525352
0.816524
0.997662
0.894679
0.657212
0.742926
0.629453
0.804420
0.879267
0.302640
0.222457
0.358545
0.216384
0.654691
0.369739
0.759896
0.858583
0.675427
0.070443
0.656470
0.058154
0.311052
0.447432
0.269678
0.717545
0.961486
0.818111
0.330156
0.214777
0.797071
0.583120
0.884459
0.306797
0.580782
0.779138
0.385404
0.411854
0.454295
0.575228
0.702975
0.128468
0.482527
0.920065
0.054963
0.619745
0.329772
0.079913
0.489164
0.834971
0.010982
0.634798
0.765436
0.412476
0.008276
0.804791
0.067812
0.991149
0.622903
0.351405
0.425128
0.229993
0.196482
0.734715
0.266784
0.866712
0.256926
0.001571
0.690419
0.115305
0.439802
0.223349
0.234078
0.052791
0.813459
0.815718
0.964404
0.973003
0.955018
0.471366
0.403987
0.657867
0.577530
0.573410
0.982818
0.607193
0.878201
0.525315
0.598342
0.062638
0.364062
0.948598
0.230270
0.257027
0.341657
0.477323
0.880765
0.697166
0.759023
0.285592
0.619609
0.638627
0.482289
0.277962
0.983285
0.778038
0.871641
0.236922
0.751042
0.206665
0.445211
0.559016
0.984526
0.483976
0.632426
0.060459
0.575144
0.063828
0.124082
0.336743
0.015992
0.360392
0.622084
0.233202
0.002870
0.100675
0.443728
0.615602
0.502564
0.646480
0.686787
0.311087
0.392553
0.651365
0.169524
0.768392
0.232351
0.549738
0.089510
0.680445
0.876397
0.303251
0.739461
0.107615
0.143613
0.435944
0.828268
0.324799
0.441257
0.820927
0.205771
0.447123
0.541710
0.472584
0.413528
0.776547
0.375283
0.178628
0.446075
0.753130
0.430496
0.578936
0.875303
0.080762
0.365151
0.276700
0.228623
0.329853
0.603137
0.157643
0.420075
0.979535
0.368537
0.579612
0.840458
0.811527
0.951499
0.334363
0.961125
0.834013
0.989654
0.784209
0.728260
0.265682
0.729377
0.555315
0.807911
0.979944
0.769827
0.700060
0.183268
0.630819
0.389498
0.304188
0.388459
0.015916
0.165444
0.345704
0.669003
0.764914
0.410989
0.509153
0.372224
0.139763
0.036798
0.146227
0.870580
0.540264
0.376817
0.207926
0.218569
0.371644
0.307957
0.602537
0.096831
0.845291
0.164463
0.291282
0.825235
0.927679
0.782624
0.558308
0.558498
0.035101
0.666685
0.835416
0.035682
0.828462
0.526823
0.739920
0.593376
0.848802
0.187268
0.837824
0.907854
0.209460
0.922732
0.778434
0.878102
0.042273
0.610139
0.752380
0.459827
0.726052
0.427458
0.347153
0.571343
0.256385
0.024277
0.448289
0.470224
0.279746
0.954887
0.998947
0.310556
0.621572
0.417181
0.346015
0.118754
0.861186
0.465975
0.543409
0.354994
0.340511
0.881234
0.617842
0.518861
0.401983
0.112035
0.224241
0.490166
0.063302
0.324672
0.224996
0.732468
0.126065
0.594290
0.050238
0.517030
0.871158
0.350195
0.957479
0.930650
0.081910
0.119553
0.551762
0.776848
0.395394
0.371896
0.726881
0.651975
0.084468
0.770291
0.861963
0.428382
0.081441
0.122476
0.875626
0.477745
0.876082
0.386295
0.935821
0.882497
0.057621
0.835806
0.307482
0.231548
0.116262
0.918776
0.943224
0.050078
0.619166
0.112588
0.731905
0.774442
0.053571
0.783667
0.017228
0.323959
0.527459
0.024318
0.799893
0.703200
0.548462
0.330928
0.559965
0.699986
0.641661
0.935590
0.655476
0.129436
0.708180
0.295649
0.900240
0.630113
0.231776
0.515205
0.556306
0.214300
0.466990
0.999530
0.164613
0.138287
0.900233
0.445179
0.827588
0.378681
0.674026
0.439439
0.056580
0.350743
0.328524
0.088146
0.904685
0.705510
0.433514
0.482325
0.226374
0.508688
0.900240
0.560973
0.526431
0.304210
0.163068
0.463336
0.738533
0.072422
0.470938
0.794839
0.234143
0.054741
0.397185
0.595027
0.232251
0.694602
0.985386
0.378296
0.951964
0.329706
0.039717
0.428622
0.026903
0.396259
0.281208
0.765582
0.998028
0.029045
0.730232
0.903525
0.469065
0.630473
0.241124
0.964562
0.738893
0.077096
0.445617
0.977425
0.002719
0.208277
0.193066
0.632716
0.177241
0.283317
0.363871
0.637969
0.761236
0.713129
0.894560
0.713200
0.872540
0.530029
0.570443
0.733437
0.822546
0.632858
0.124877
0.025643
0.562300
0.729252
0.724099
0.500431
0.214931
0.688597
0.964993
0.149654
0.012584
0.856226
0.576042
0.007836
0.689335
0.848307
0.634224
0.898301
0.914940
0.861967
0.134067
0.338088
0.071887
0.930830
0.889376
0.947636
0.480429
0.479909
0.340537
0.783405
0.592676
0.340046
0.603980
0.654976
0.454672
0.414040
0.327704
0.384534
0.258338
0.620401
0.433843
0.411021
0.488313
0.943728
0.411775
0.665962
0.198009
0.239444
0.564264
0.706975
0.819742
0.600534
0.220788
0.111855
0.531364
0.772526
0.842474
0.992222
0.091543
0.261774
0.775628
0.825021
0.175910
0.439804
0.489999
0.306492
0.707687
0.635405
0.882053
0.724364
0.188951
0.749739
0.546406
0.732432
0.693467
0.869957
0.112299
0.985502
0.827732
0.962658
0.692476
0.647474
0.563192
0.575627
0.542313
0.037160
0.106019
0.442394
0.586778
0.036281
0.227084
0.431203
0.452759
0.611976
0.742013
0.055345
0.724960
0.474850
0.520920
0.151753
0.674064
0.388363
0.214188
0.360235
0.509158
0.550220
0.590428
0.907553
0.267861
0.918160
0.870211
0.728198
0.141409
0.466702
0.200956
0.607947
0.263979
0.651978
0.992734
0.614737
0.732475
0.450535
0.244286
0.637994
0.513045
0.719156
0.130877
0.369003
0.668856
0.544430
0.845020
0.210730
0.821155
0.701772
0.281695
0.207578
0.093999
0.653818
0.368933
0.393857
0.004469
0.608077
0.016122
0.159403
0.541481
0.204934
0.745560
0.569439
0.971714
0.738295
0.342088
0.704189
0.639364
0.330659
0.421092
0.326205
0.880474
0.432846
0.222604
0.274665
0.113765
0.735435
0.446125
0.731278
0.468604
0.119455
0.070199
0.344600
0.152365
0.399729
0.976913
0.170359
0.907535
0.992825
0.819050
0.474508
0.812561
0.070576
0.518455
0.784275
0.802905
0.702631
0.494232
0.058892
0.107994
0.103831
0.297339
0.744422
0.696341
0.985093
0.396876
0.606464
0.360264
0.085750
0.418871
0.657735
0.641642
0.449667
0.846934
0.751101
0.087349
0.102981
0.932538
0.606326
0.816673
0.375794
0.555341
0.629234
0.816198
0.035862
0.456754
0.154776
0.388213
0.225493
0.561371
0.320188
0.183155
0.656049
0.884797
0.928963
0.320571
0.678549
0.267713
0.861670
0.054034
0.873168
0.259703
0.506192
0.772501
0.866339
0.378646
0.030353
0.345094
0.689831
0.577618
0.506860
0.470709
0.632959
0.318047
0.757616
0.706755
0.017175
0.876718
0.983182
0.237894
0.469045
0.623557
0.684198
0.297069
0.508354
0.153290
0.091910
0.343452
0.648587
0.596952
0.275727
0.130439
0.616357
0.557646
0.794257
0.982696
0.814939
0.765549
0.672884
0.504769
0.843167
0.339872
0.946188
0.244032
0.815836
0.087975
0.682881
0.865439
0.580522
0.666063
0.408507
0.064826
0.394810
0.501213
0.306375
0.797974
0.614374
0.424016
0.015389
0.381480
0.236246
0.268165
0.392358
0.561341
0.296988
0.289487
0.136009
0.908915
0.844523
0.716921
0.057105
0.085961
0.448332
0.859872
0.165954
0.712501
0.563676
0.423349
0.072242
0.644198
0.512761
0.447477
0.662810
0.802381
0.896167
0.775561
0.600355
0.510541
0.623593
0.585232
0.773502
0.568577
0.621563
0.279109
0.629918
0.715539
0.159298
0.673956
0.624454
0.981716
0.890877
0.538139
0.334703
0.787541
0.898011
0.416611
0.250021
0.480844
0.021248
0.288991
0.605885
0.692683
0.972936
0.096087
0.995064
0.434552
0.544256
0.074427
0.879644
0.667849
0.680651
0.653146
0.368213
0.100277
0.711364
0.866345
0.064719
0.848557
0.540301
0.642207
0.415136
0.465589
0.340173
0.249920
0.718719
0.578358
0.832901
0.718762
0.067506
0.512822
0.796743
0.645930
0.705505
0.384840
0.228656
0.043786
0.638783
0.958882
0.099498
0.129607
0.156683
0.976639
0.671573
0.863158
0.778853
0.110367
0.364751
0.796606
0.731494
0.769804
0.469407
0.008778
0.700981
0.619160
0.140361
0.459850
0.348759
0.894345
0.638462
0.368781
0.907168
0.935206
0.441747
0.306336
0.704885
0.399060
0.406621
0.421834
0.757001
0.304615
0.862096
0.441866
0.585869
0.266835
0.746891
0.027023
0.916607
0.976394
0.082666
0.162025
0.746198
0.300071
0.177467
0.059199
0.719302
0.771312
0.866880
0.458410
0.166414
0.063168
0.005112
0.572825
0.940548
0.268938
0.685498
0.645433
0.052250
0.998740
0.989102
0.296498
0.607969
0.425599
0.122091
0.346919
0.884868
0.723620
0.558559
0.100184
0.087502
0.719888
0.237394
0.946212
0.820029
0.659445
0.223348
0.539331
0.465378
0.760271
0.956151
0.298207
0.765613
0.610534
0.334620
0.706161
0.324205
0.854738
0.106449
0.492202
0.853478
0.840697
0.009022
0.030045
0.345948
0.069266
0.655284
0.576763
0.777750
0.356922
0.878238
0.488882
0.933732
0.827815
0.923977
0.376880
0.061704
0.817368
0.793092
0.459008
0.036102
0.374622
0.514431
0.105407
0.429888
0.683671
0.549415
0.063523
0.269205
0.901010
0.496295
0.891887
0.370853
0.569991
0.426667
0.116700
0.624121
0.508619
0.510365
0.901871
0.722463
0.444302
0.879636
0.164049
0.358209
0.100452
0.454978
0.351839
0.310491
0.351524
0.621694
0.349311
0.059518
0.318062
0.270937
0.406034
0.819796
0.591290
0.410127
0.858205
0.124037
0.812844
0.750093
0.734006
0.055177
0.603427
0.667608
0.506956
0.153011
0.677973
0.056802
0.834508
0.566577
0.788463
0.990702
0.782995
0.148019
0.900657
0.493336
0.356529
0.603705
0.608367
0.113960
0.069499
0.744492
0.953554
0.434032
0.282144
0.136211
0.688317
0.922494
0.537143
0.250581
0.336293
0.096394
0.441998
0.776013
0.938757
0.890952
0.888059
0.308365
0.399890
0.045160
0.085413
0.588242
0.713269
0.966303
0.680319
0.613927
0.952976
0.893377
0.179408
0.070168
0.201264
0.193407
0.805835
0.758610
0.641691
0.870123
0.803454
0.207502
0.792617
0.026269
0.415585
0.965203
0.076468
0.089396
0.741217
0.137626
0.606119
0.314638
0.333617
0.905898
0.851843
0.425271
0.994140
0.282556
0.408422
0.337230
0.679039
0.769819
0.283918
0.056042
0.103895
0.436446
0.167575
0.636997
0.631503
0.811990
0.507120
0.233739
0.641998
0.399868
0.775554
0.973168
0.764940
0.887300
0.688334
0.253078
0.937804
0.794453
0.635432
0.075630
0.350175
0.123409
0.477789
0.694491
0.276193
0.096553
0.434475
0.365713
0.067780
0.029275
0.314048
0.001706
0.404839
0.399198
0.510401
0.941181
0.305193
0.258760
0.876138
0.752383
0.102157
0.162923
0.725551
0.291099
0.269496
0.228471
0.147088
0.976796
0.708338
0.723786
0.581834
0.454344
0.711060
0.268706
0.603180
0.190862
0.404917
0.972130
0.497436
0.426038
0.908917
0.004867
0.362740
0.718595
0.460683
0.091985
0.164944
0.066469
0.376701
0.133979
0.392067
0.570659
0.085951
0.509685
0.652856
0.363299
0.923571
0.741210
0.351697
0.631909
0.964996
0.785228
0.540598
0.084507
0.822641
0.040236
0.234876
0.316238
0.076989
0.467188
0.123069
0.524825
0.278673
0.710033
0.743420
0.978711
0.945914
0.903197
0.510461
0.699316
0.939111
0.794595
0.012031
0.313359
0.100535
0.922831
0.213329
0.363926
0.664041
0.278356
0.859760
0.314519
0.210485
0.450179
0.402547
0.664581
0.272068
0.744596
0.797056
0.330022
0.678972
0.390804
0.342434
0.184079
0.991641
0.928289
0.715028
0.234389
0.103936
0.362745
0.636871
0.385298
0.260042
0.453423
0.224328
0.412183
0.829677
0.011729
0.138054
0.496859
0.807342
0.911976
0.077845
0.649281
0.812334
0.927849
0.406931
0.053529
0.336223
0.152729
0.258257
0.851418
0.446263
0.175346
0.587735
0.884167
0.629671
0.200691
0.821722
0.003755
0.528253
0.239648
0.365876
0.548338
0.432719
0.314533
0.872704
0.347558
0.439848
0.231230
0.010763
0.687038
0.836896
0.811591
0.104540
0.649230
0.184860
0.650182
0.505699
0.455943
0.761100
0.522213
0.763303
0.653626
0.180899
0.851039
0.033612
0.853266
0.653802
0.859515
0.814422
0.021314
0.818108
0.546175
0.730394
0.341773
0.675242
0.603098
0.109833
0.277470
0.528018
0.070937
0.741978
0.054057
0.879090
0.144574
0.514143
0.618530
0.728479
0.259921
0.530416
0.494789
0.271028
0.793719
0.643205
0.382825
0.322379
0.680998
0.618916
0.798560
0.270256
0.933339
0.245154
0.858621
0.489757
0.711010
0.542167
0.327378
0.407054
0.920831
0.044356
0.842125
0.247082
0.951673
0.022095
0.867419
0.529971
0.721183
0.985948
0.379225
0.092628
0.258182
0.093504
0.391540
0.810083
0.891234
0.017148
0.954841
0.286116
0.667647
0.753401
0.038296
0.300493
0.734017
0.485682
0.580500
0.472514
0.513532
0.735256
0.759135
0.934363
0.944951
0.037579
0.922692
0.448312
0.050519
0.395055
0.463298
0.264741
0.776059
0.171261
0.385254
0.099053
0.933074
0.069199
0.602506
0.051519
0.075290
0.557347
0.896538
0.769967
0.405374
0.509282
0.054435
0.544766
0.980647
0.951454
0.989793
0.994179
0.042919
0.374464
0.232136
0.631661
0.850189
0.851234
0.528286
0.658488
0.641345
0.954881
0.687970
0.917404
0.019998
0.958478
0.709827
0.572999
0.512066
0.025385
0.897307
0.614386
0.869681
0.198461
0.884353
0.680429
0.200782
0.755307
0.362598
0.783775
0.353380
0.089374
0.012156
0.446735
0.481958
0.176624
0.525131
0.814105
0.557731
0.276708
0.972593
0.699076
0.254149
0.330282
0.308240
0.324112
0.309520
0.826306
0.721223
0.631107
0.638640
0.154632
0.745493
0.508320
0.912374
0.314923
0.172187
0.715502
0.885153
0.913945
0.499638
0.591913
0.628933
0.777231
0.985383
0.592849
0.983728
0.031907
0.906954
0.541459
0.281966
0.109943
0.370267
0.071529
0.270055
0.214254
0.360226
0.082394
0.683321
0.941675
0.395129
0.410980
0.280102
0.535751
0.830281
0.972579
0.665597
0.129758
0.172020
0.068844
0.932976
0.343679
0.642664
0.280954
0.964589
0.078506
0.654758
0.948316
0.079820
0.280856
0.494888
0.351246
0.470629
0.182578
0.774722
0.981369
0.018354
0.995174
0.640520
0.770646
0.936850
0.930778
0.592606
0.997054
0.483264
0.922888
0.121204
0.632126
0.941918
0.164428
0.682876
0.218724
0.422536
0.206385
0.468402
0.012651
0.238397
0.591561
0.757976
0.148037
0.040830
0.747752
0.794641
0.297266
0.978062
0.284682
0.575901
0.565387
0.564538
0.716421
0.418016
0.250694
0.161800
0.928639
0.998441
0.613727
0.106441
0.968074
0.372927
0.793445
0.625788
0.464365
0.668339
0.485430
0.377135
0.605143
0.390260
0.707857
0.696704
0.538496
0.800006
0.849977
0.393124
0.297324
0.944509
0.764310
0.166003
0.520410
0.207424
0.045534
0.011513
0.332864
0.364968
0.221007
0.594368
0.364189
0.997756
0.472947
0.696452
0.371805
0.739339
0.822240
0.168085
0.907679
0.793099
0.463305
0.032051
0.573619
0.634466
0.709525
0.153029
0.934472
0.279751
0.449181
0.529119
0.252005
0.662672
0.173283
0.524420
0.992368
0.230420
0.761251
0.658097
0.325807
0.645280
0.376233
0.109999
0.643036
0.174590
0.288221
0.886645
0.234425
0.898683
0.558984
0.845377
0.345891
0.985593
0.858198
0.765400
0.620059
0.567723
0.877515
0.034658
0.627225
0.775877
0.583651
0.631236
0.117319
0.776781
0.163914
0.930917
0.698459
0.916907
0.004602
0.425037
0.562187
0.420739
0.365033
0.088153
0.539838
0.100814
0.591867
0.977537
0.705191
0.325426
0.102864
0.896973
0.636444
0.681112
0.020699
0.378252
0.187209
0.539888
0.405517
0.438030
0.101971
0.447343
0.507297
0.047145
0.671466
0.331477
0.685230
0.869926
0.579860
0.774244
0.719999
0.321024
0.307862
0.950065
0.423635
0.655561
0.378286
0.939137
0.079137
0.961763
0.589989
0.059751
0.858736
0.726433
0.637125
0.521109
0.982936
0.442980
0.560997
0.049623
0.005953
0.876762
0.344328
0.769318
0.078884
0.860123
0.932271
0.816306
0.182512
0.512132
0.590550
0.950048
0.654179
0.706273
0.900113
0.125362
0.430917
0.656686
0.940587
0.497466
0.077306
0.530575
0.475473
0.977185
0.189252
0.588070
0.998294
0.739945
0.974030
0.279646
0.533916
0.736052
0.936054
0.722572
0.505369
0.567129
0.582695
0.468820
0.883435
0.812744
0.949772
0.243496
0.762793
0.603951
0.680257
0.082863
0.605400
0.542091
0.819591
0.136497
0.537024
0.938041
0.576563
0.987969
0.915226
0.833571
0.288020
0.456760
0.573515
0.068759
0.121602
0.151858
0.786121
0.908866
0.012969
0.098936
0.975995
0.912698
0.729131
0.107429
0.362721
0.169726
0.208353
0.988235
0.782855
0.513671
0.651141
0.444128
0.138941
0.242683
0.934242
0.592786
0.227193
0.015963
0.145189
0.823999
0.422188
0.328398
0.737519
0.917891
0.353432
0.710332
0.525322
0.248247
0.309599
0.855325
0.196119
0.595192
0.192006
0.513608
0.954621
0.993466
0.173128
0.788035
0.245425
0.975367
0.400853
0.316421
0.431811
0.428734
0.301787
0.797864
0.950254
0.256173
0.808669
0.531010
0.836345
0.653045
0.343903
0.286932
0.142734
0.111834
0.784196
0.298129
0.221914
0.451697
0.951583
0.672133
0.998586
0.179902
0.085718
0.953208
0.713072
0.219563
0.370621
0.694773
0.000834
0.542948
0.827614
0.358621
0.900416
0.058199
0.515106
0.850671
0.471767
0.205944
0.440841
0.194970
0.244205
0.071186
0.426872
0.034235
0.964156
0.318971
0.322007
0.851813
0.135334
0.297798
0.261973
0.539921
0.407602
0.709687
0.248282
0.528275
0.587941
0.734371
0.180762
0.941561
0.194330
0.275332
0.658803
0.677736
0.490926
0.168477
0.264204
0.115673
0.997685
0.910089
0.176316
0.974505
0.979575
0.559011
0.522261
0.471866
0.696952
0.166569
0.049721
0.738287
0.380936
0.409745
0.048638
0.144269
0.529177
0.771337
0.605351
0.617118
0.126427
0.828399
0.139670
0.097879
0.879062
0.358741
0.960765
0.860914
0.445696
0.494586
0.393150
0.889078
0.899261
0.495783
0.215896
0.219709
0.550576
0.442922
0.822568
0.373764
0.276060
0.618112
0.985815
0.101749
0.937601
0.095503
0.222767
0.966779
0.535361
0.996417
0.145974
0.541069
0.412408
0.040161
0.824098
0.351940
0.430029
0.049054
0.564793
0.751451
0.387018
0.851092
0.010008
0.673297
0.000823
0.504111
0.276067
0.893233
0.889956
0.874701
0.080095
0.942075
0.124102
0.626576
0.756067
0.930414
0.890599
0.647133
0.112149
0.231490
0.321775
0.245272
0.967030
0.030261
0.623665
0.395564
0.336123
0.983723
0.575991
0.368520
0.045948
0.850027
0.588131
0.875702
0.523324
0.930789
0.439907
0.575458
0.824022
0.769769
0.475079
0.964783
0.355922
0.471486
0.073920
0.967911
0.873385
0.030686
0.076881
0.096322
0.226980
0.379298
0.187917
0.437474
0.363481
0.875332
0.020815
0.899209
0.859055
0.742067
0.636249
0.594229
0.592094
0.362190
0.484965
0.076927
0.327584
0.053109
0.690876
0.979191
0.619514
0.641035
0.235993
0.831359
0.584006
0.133833
0.399635
0.239348
0.129323
0.457157
0.181992
0.925209
0.168228
0.979636
0.800158
0.899873
0.427484
0.966233
0.049943
0.714022
0.708300
0.935331
0.808251
0.200099
0.659711
0.778182
0.228953
0.814879
0.039245
0.606688
0.397035
0.747441
0.093465
0.369022
0.578800
0.831729
0.773376
0.878070
0.789121
0.790667
0.396192
0.258545
0.089485
0.482647
0.996726
0.516035
0.865168
0.851694
0.982268
0.664250
0.565716
0.345284
0.149895
0.436984
0.495481
0.379646
0.652150
0.453387
0.574171
0.780076
0.513463
0.217060
0.527517
0.761187
0.303142
0.151579
0.148229
0.879661
0.984387
0.882037
0.670329
0.776771
0.899127
0.886206
0.092758
0.447927
0.902240
0.607234
0.186887
0.110564
0.771484
0.813264
0.287538
0.871064
0.687231
0.035377
0.630356
0.209845
0.486407
0.704526
0.309729
0.986276
0.572767
0.646974
0.093433
0.679052
0.753291
0.210095
0.558713
0.002882
0.722416
0.182261
0.257225
0.621543
0.615248
0.378258
0.517396
0.258744
0.863750
0.764944
0.450998
0.317617
0.144552
0.244268
0.253149
0.765439
0.135778
0.636654
0.151205
0.257962
0.420590
0.362138
0.502201
0.913947
0.871251
0.749664
0.593000
0.078068
0.590043
0.325857
0.107778
0.812459
0.440378
0.438335
0.467001
0.996004
0.158296
0.951399
0.256746
0.062308
0.716343
0.228872
0.316084
0.794550
0.892562
0.159617
0.559989
0.935674
0.193780
0.664809
0.237900
0.308150
0.889085
0.953800
0.033140
0.380168
0.703464
0.623247
0.442439
0.396754
0.774960
0.373550
0.605967
0.655716
0.623769
0.539969
0.325860
0.756954
0.991368
0.166303
0.753888
0.176928
0.580701
0.221514
0.502260
0.486632
0.032783
0.281125
0.908937
0.199911
0.727058
0.860536
0.915943
0.308071
0.814335
0.946190
0.054780
0.258900
0.284719
0.380679
0.050707
0.844398
0.508457
0.229318
0.250057
0.316113
0.957242
0.040740
0.889180
0.014822
0.817046
0.643068
0.164080
0.448874
0.529125
0.329290
0.108876
0.553648
0.045052
0.779948
0.426646
0.236972
0.640483
0.769234
0.282015
0.477409
0.089428
0.940510
0.243155
0.392431
0.701868
0.195981
0.629260
0.355163
0.005478
0.629374
0.052660
0.329220
0.781207
0.182933
0.303525
0.149563
0.874800
0.763371
0.498000
0.451963
0.921952
0.433505
0.957574
0.642782
0.323479
0.810865
0.590669
0.787442
0.290049
0.163675
0.742260
0.397762
0.595210
0.714878
0.145096
0.024909
0.998803
0.709645
0.507404
0.087500
0.209755
0.849956
0.429221
0.155056
0.581688
0.241373
0.089810
0.239122
0.728865
0.714479
0.430207
0.162704
0.581490
0.408994
0.396799
0.728449
0.628853
0.884268
0.128973
0.354476
0.538967
0.758150
0.126119
0.317089
0.486514
0.584860
0.931255
0.485916
0.397252
0.469330
0.335917
0.633522
0.788616
0.033142
0.753748
0.870305
0.248942
0.972227
0.826793
0.090579
0.343353
0.171802
0.218863
0.012003
0.252598
0.334524
0.996645
0.634049
0.276658
0.128134
0.843000
0.592284
0.770686
0.211869
0.090808
0.371857
0.932335
0.657716
0.178887
0.726839
0.596376
0.443690
0.430181
0.442496
0.458828
0.614109
0.755296
0.456712
0.586336
0.582090
0.319029
0.773043
0.769297
0.513508
0.541239
0.774493
0.682557
0.537885
0.056784
0.735873
0.550420
0.093943
0.828157
0.410553
0.149754
0.554618
0.035301
0.531352
0.178083
0.195092
0.189548
0.808709
0.333874
0.618552
0.693701
0.073175
0.045791
0.948997
0.998827
0.818997
0.132772
0.636885
0.592040
0.800384
0.081299
0.158320
0.071860
0.416475
0.671164
0.122927
0.568824
0.360792
0.045935
0.448491
0.542691
0.208495
0.951599
0.607512
0.865330
0.663933
0.443940
0.311760
0.243160
0.138907
0.742073
0.166586
0.641029
0.974734
0.615340
0.159964
0.793731
0.646427
0.776741
0.006920
0.236703
0.463567
0.129763
0.130422
0.095011
0.086277
0.126277
0.828909
0.455899
0.740069
0.181473
0.954490
0.574047
0.677489
0.562002
0.939378
0.841422
0.949882
0.562899
0.814064
0.505509
0.402486
0.980407
0.040409
0.779705
0.297873
0.196598
0.286718
0.742173
0.281567
0.479604
0.688984
0.123784
0.978258
0.710672
0.023449
0.668472
0.357890
0.579263
0.580271
0.955848
0.805153
0.534761
0.132474
0.982643
0.298382
0.969272
0.206016
0.546645
0.133043
0.638128
0.138038
0.418571
0.618535
0.698691
0.308424
0.714282
0.985085
0.172571
0.956455
0.548220
0.649491
0.161360
0.538490
0.313874
0.428055
0.788844
0.796221
0.142972
0.868107
0.438246
0.527737
0.336630
0.911253
0.557632
0.655903
0.508016
0.526905
0.979968
0.277331
0.559076
0.618096
0.606815
0.448109
0.368316
0.050344
0.128267
0.950913
0.790592
0.087919
0.453684
0.838812
0.852841
0.552807
0.109663
0.980590
0.908918
0.083268
0.388405
0.980807
0.534253
0.653302
0.063568
0.707513
0.070569
0.566177
0.863417
0.286286
0.296541
0.421692
0.156808
0.326079
0.961481
0.734047
0.137094
0.698112
0.539554
0.070180
0.649025
0.830145
0.047800
0.556393
0.334479
0.154408
0.152300
0.273130
0.598224
0.518117
0.356202
0.013672
0.499462
0.746657
0.528337
0.253735
0.954170
0.592892
0.286823
0.408793
0.665464
0.020835
0.005164
0.012386
0.409443
0.311226
0.526744
0.433631
0.820564
0.566297
0.464352
0.242397
0.112055
0.693496
0.262991
0.282700
0.811130
0.317591
0.152915
0.227339
0.040831
0.824064
0.196097
0.326112
0.285361
0.812726
0.659693
0.524892
0.905618
0.733339
0.842479
0.285541
0.900067
0.125863
0.431889
0.359476
0.312951
0.445261
0.146554
0.946467
0.956820
0.514919
0.229014
0.853263
0.354208
0.471019
0.918663
0.519545
0.144305
0.530322
0.928900
0.182629
0.427193
0.356644
0.882741
0.925108
0.526014
0.135609
0.475000
0.465816
0.775773
0.396239
0.502715
0.337920
0.397964
0.866494
0.223698
0.230458
0.757016
0.981008
0.868297
0.356918
0.062245
0.784353
0.567098
0.352171
0.726391
0.492881
0.723888
0.401805
0.258042
0.081598
0.267064
0.217618
0.433038
0.916869
0.795578
0.446045
0.959304
0.186394
0.102965
0.091885
0.269028
0.826438
0.910917
0.208496
0.692931
0.805711
0.094477
0.474974
0.024585
0.624113
0.663783
0.048915
0.908466
0.182720
0.493494
0.079357
0.716643
0.710876
0.469233
0.732727
0.431832
0.972594
0.603197
0.000713
0.444732
0.898776
0.310915
0.053048
0.644354
0.945553
0.072981
0.682410
0.192998
0.994762
0.516395
0.964922
0.800473
0.772210
0.114359
0.587192
0.224081
0.578652
0.217460
0.804788
0.809533
0.428413
0.117456
0.065772
0.141926
0.439055
0.758902
0.465684
0.850705
0.862100
0.330554
0.370084
0.380438
0.782937
0.294468
0.905230
0.045531
0.336390
0.293820
0.125120
0.333771
0.604034
0.482701
0.968015
0.109531
0.440135
0.138802
0.193142
0.958923
0.115631
0.144339
0.192114
0.781872
0.129250
0.794631
0.849575
0.447555
0.276767
0.780943
0.372908
0.915634
0.942050
0.246496
0.676509
0.090623
0.287460
0.002272
0.119185
0.093463
0.334689
0.953958
0.457622
0.773413
0.919361
0.883258
0.649657
0.799632
0.234616
0.461112
0.094819
0.215877
0.499790
0.131752
0.645382
0.258289
0.821641
0.497478
0.113961
0.109397
0.775900
0.328753
0.790808
0.717950
0.321745
0.967317
0.942937
0.179603
0.549057
0.224104
0.966112
0.179609
0.850374
0.881356
0.991849
0.192434
0.764613
0.641506
0.569366
0.703078
0.563730
0.827920
0.566588
0.563309
0.854930
0.711969
0.579888
0.676571
0.706926
0.991578
0.551745
0.982826
0.162271
0.026330
0.175194
0.396287
0.809870
0.643713
0.510985
0.858927
0.540129
0.244274
0.577363
0.222626
0.858453
0.035576
0.041265
0.311533
0.710717
0.729602
0.826144
0.096806
0.278761
0.892732
0.837757
0.228113
0.151175
0.057353
0.589023
0.811627
0.454612
0.320384
0.397227
0.279153
0.491660
0.497615
0.026590
0.012394
0.319471
0.861865
0.652118
0.679071
0.838962
0.364740
0.284787
0.697415
0.399346
0.364905
0.820481
0.254705
0.239853
0.646625
0.391929
0.258467
0.134839
0.310807
0.464693
0.040254
0.269630
0.518409
0.955685
0.237121
0.659177
0.187535
0.253395
0.321249
0.372684
0.857671
0.467844
0.055269
0.359768
0.587807
0.281691
0.279249
0.817288
0.079119
0.755914
0.615980
0.431382
0.288197
0.625390
0.411088
0.723020
0.454623
0.839111
0.762377
0.132715
0.768497
0.906435
0.285060
0.786906
0.862121
0.518604
0.118260
0.612259
0.525394
0.294290
0.857628
0.027596
0.131067
0.370969
0.602602
0.612076
0.201330
0.661100
0.116170
0.234569
0.458507
0.272672
0.400520
0.031044
0.670734
0.623217
0.358214
0.579981
0.481164
0.978806
0.610842
0.730825
0.885241
0.340482
0.258866
0.186840
0.699567
0.963814
0.859621
0.362481
0.552394
0.179312
0.608027
0.288331
0.479594
0.355314
0.688738
0.382254
0.871729
0.077263
0.351392
0.788743
0.331723
0.503824
0.782152
0.834180
0.313521
0.998581
0.914161
0.147342
0.977387
0.262502
0.820195
0.107828
0.044123
0.209482
0.152497
0.905534
0.801741
0.969611
0.019703
0.106767
0.686860
0.738522
0.465399
0.323023
0.949151
0.309768
0.227639
0.051305
0.368819
0.613338
0.609623
0.056318
0.154291
0.445887
0.735265
0.372102
0.445178
0.324713
0.416787
0.867743
0.674430
0.653768
0.730371
0.880397
0.991695
0.840360
0.785930
0.396718
0.202493
0.916426
0.647570
0.996831
0.327474
0.578367
0.642878
0.604099
0.697903
0.276716
0.924978
0.935541
0.666771
0.033413
0.836625
0.783933
0.463188
0.571890
0.528137
0.204183
0.721316
0.861710
0.684474
0.111968
0.064435
0.457422
0.388071
0.063397
0.755205
0.562073
0.400304
0.565177
0.244625
0.948178
0.562008
0.316724
0.526545
0.044055
0.737546
0.362224
0.379159
0.082816
0.164997
0.925089
0.087141
0.996614
0.177256
0.311751
0.284252
0.737159
0.940233
0.394910
0.074859
0.156177
0.342783
0.614346
0.539552
0.240427
0.621519
0.397379
0.523782
0.922127
0.429967
0.502281
0.870304
0.921942
0.635728
0.224212
0.626828
0.218319
0.310648
0.221287
0.133950
0.390643
0.810235
0.183231
0.048619
0.064907
0.856426
0.423202
0.756417
0.398330
0.079528
0.213821
0.460684
0.821790
0.969632
0.960920
0.783499
0.295575
0.188919
0.807281
0.513277
0.307806
0.404781
0.441791
0.537554
0.472646
0.390215
0.166095
0.409283
0.901727
0.002147
0.854365
0.683012
0.214941
0.587289
0.960912
0.219755
0.471858
0.403657
0.635437
0.092547
0.471769
0.990722
0.661743
0.765328
0.060022
0.038916
0.548827
0.275752
0.219585
0.428054
0.017649
0.496976
0.083209
0.474182
0.531506
0.305481
0.728794
0.347944
0.929528
0.315261
0.372708
0.097987
0.813534
0.302589
0.871181
0.774446
0.492099
0.407449
0.581760
0.309818
0.277636
0.525299
0.610358
0.717016
0.790627
0.285356
0.419839
0.104932
0.155554
0.359009
0.347781
0.171750
0.711971
0.430616
0.635362
0.371738
0.972195
0.108020
0.234841
0.450861
0.497339
0.684779
0.342807
0.808211
0.789957
0.556796
0.072832
0.096769
0.871693
0.664417
0.446896
0.463483
0.689716
0.504149
0.643982
0.245086
0.574861
0.983660
0.204949
0.348539
0.087710
0.257679
0.442038
0.913649
0.109574
0.519439
0.657125
0.848787
0.883595
0.149122
0.750509
0.878272
0.781268
0.936124
0.686484
0.071403
0.992920
0.769141
0.026418
0.432306
0.933558
0.369586
0.098947
0.077909
0.371661
0.116945
0.150904
0.818183
0.919220
0.115427
0.515261
0.620899
0.469386
0.112417
0.267274
0.407682
0.918777
0.345836
0.083019
0.802372
0.394081
0.914660
0.340322
0.569430
0.850783
0.867128
0.640656
0.013183
0.636269
0.493018
0.354158
0.142457
0.022663
0.999895
0.173275
0.484266
0.935455
0.099590
0.393357
0.213669
0.005626
0.801976
0.487787
0.329452
0.701314
0.127530
0.243567
0.620091
0.350897
0.159605
0.230616
0.247489
0.069135
0.301553
0.559387
0.903862
0.030320
0.700043
0.747565
0.606503
0.686079
0.955881
0.676330
0.911288
0.477888
0.869432
0.109977
0.891231
0.666150
0.333267
0.372953
0.886283
0.968510
0.090185
0.545188
0.669824
0.182901
0.519457
0.394957
0.933396
0.041117
0.356189
0.923353
0.088869
0.101935
0.982740
0.614818
0.098215
0.170696
0.431192
0.892221
0.868861
0.818265
0.284276
0.390075
0.193510
0.937983
0.329985
0.665272
0.009440
0.051656
0.911178
0.990416
0.397507
0.632659
0.133901
0.964837
0.108033
0.034691
0.754752
0.797657
0.011140
0.967129
0.360505
0.115487
0.782612
0.703750
0.538711
0.002220
0.886532
0.901094
0.960551
0.188848
0.089920
0.132276
0.535543
0.248350
0.967085
0.695513
0.329336
0.008925
0.261008
0.569849
0.561635
0.102129
0.702508
0.298619
0.781866
0.566769
0.326150
0.004192
0.216107
0.432619
0.503747
0.292718
0.394565
0.393179
0.394593
0.827841
0.427345
0.675718
0.364468
0.203810
0.465556
0.474147
0.026386
0.966655
0.941693
0.811429
0.331084
0.600365
0.882647
0.171046
0.335107
0.944282
0.125304
0.872723
0.541520
0.783081
0.234873
0.693820
0.819699
0.100490
0.559057
0.411723
0.889355
0.848187
0.609804
0.678542
0.169007
0.964494
0.427130
0.452482
0.779734
0.196343
0.006666
0.624078
0.752027
0.794951
0.935506
0.114274
0.223829
0.409077
0.149595
0.565530
0.762435
0.599594
0.469126
0.401978
0.220669
0.877745
0.997776
0.021949
0.681663
0.278416
0.262909
0.285509
0.905020
0.635623
0.749560
0.581049
0.600117
0.301910
0.986012
0.439926
0.444596
0.419635
0.251965
0.080152
0.634221
0.939436
0.034713
0.264768
0.757589
0.163448
0.595067
0.520025
0.753388
0.533320
0.823980
0.318031
0.455532
0.821756
0.419218
0.296364
0.878589
0.216064
0.165937
0.783609
0.031246
0.228327
0.432329
0.599994
0.258564
0.106334
0.979846
0.226580
0.344970
0.983775
0.136884
0.824161
0.028850
0.150738
0.853698
0.042550
0.756746
0.474383
0.700824
0.255067
0.491043
0.131201
0.040387
0.223287
0.846560
0.492316
0.492939
0.725149
0.848886
0.649625
0.063595
0.848763
0.562932
0.436709
0.474379
0.580059
0.362044
0.928603
0.986378
0.057127
0.912378
0.266958
0.092274
0.835588
0.318434
0.591888
0.516388
0.893614
0.008448
0.358606
0.451873
0.261369
0.742016
0.274971
0.457944
0.147144
0.534574
0.901766
0.813726
0.055216
0.137848
0.822485
0.732222
0.614322
0.086988
0.680980
0.173595
0.459995
0.152396
0.680760
0.834018
0.521961
0.714676
0.572207
0.857549
0.425772
0.041506
0.436968
0.745158
0.044047
0.591148
0.648905
0.363743
0.208291
0.349424
0.643373
0.115218
0.733421
0.272570
0.367733
0.616880
0.298265
0.557952
0.424551
0.710853
0.753853
0.530082
0.905234
0.336922
0.639665
0.292997
0.507861
0.661626
0.400335
0.145017
0.259587
0.163054
0.186041
0.223278
0.897372
0.948910
0.984259
0.546277
0.676396
0.817423
0.745125
0.204942
0.369582
0.489273
0.432454
0.121829
0.595426
0.240360
0.532582
0.944529
0.672291
0.786436
0.487306
0.288763
0.960279
0.614276
0.663519
0.484070
0.024247
0.964189
0.274104
0.397538
0.616404
0.396185
0.688188
0.128444
0.741280
0.168112
0.560053
0.917675
0.494935
0.201294
0.737444
0.091129
0.391861
0.301176
0.043979
0.879149
0.281896
0.736246
0.411839
0.184021
0.261341
0.199572
0.406804
0.982960
0.456283
0.977127
0.951100
0.344234
0.470658
0.999307
0.983544
0.557720
0.395838
0.041983
0.285748
0.532956
0.211045
0.631549
0.059414
0.417024
0.234182
0.172019
0.281541
0.360225
0.395214
0.383373
0.299799
0.213555
0.251496
0.115409
0.073788
0.065709
0.721565
0.903910
0.031790
0.634130
0.440519
0.959732
0.822597
0.822353
0.959039
0.403071
0.440037
0.750715
0.488937
0.014868
0.195918
0.822052
0.004556
0.734302
0.656100
0.129961
0.922378
0.179795
0.370147
0.712806
0.492963
0.052493
0.567026
0.247229
0.763167
0.164332
0.514590
0.492366
0.561238
0.523223
0.618862
0.942275
0.491478
0.470730
0.382314
0.941994
0.747601
0.644702
0.346355
0.725474
0.596271
0.976380
0.273763
0.679389
0.177671
0.021988
0.699234
0.633060
0.230702
0.014680
0.211466
0.454367
0.048714
0.912891
0.897652
0.542585
0.570219
0.228061
0.527317
0.315729
0.935465
0.010097
0.071717
0.918420
0.587638
0.419181
0.860415
0.052202
0.983064
0.553124
0.560713
0.579335
0.132376
0.304120
0.379362
0.092523
0.405933
0.239490
0.873246
0.367337
0.224371
0.719112
0.160852
0.169226
0.632004
0.541060
0.359744
0.175556
0.953302
0.746806
0.833681
0.111096
0.446492
0.907413
0.201797
0.980623
0.745775
0.667602
0.815861
0.728838
0.180181
0.054786
0.404087
0.750230
0.492407
0.141724
0.990416
0.199170
0.065607
0.863663
0.265677
0.230585
0.036423
0.674762
0.599244
0.714778
0.357911
0.818732
0.458501
0.334562
0.141384
0.750682
0.278945
0.479261
0.164524
0.432539
0.939145
0.903870
0.532680
0.188752
0.316354
0.376703
0.631581
0.058805
0.503636
0.616396
0.507778
0.124257
0.114134
0.532634
0.857715
0.472215
0.477487
0.117561
0.619192
0.554219
0.655268
0.006524
0.436475
0.572269
0.252069
0.469244
0.102869
0.140507
0.897011
0.245262
0.927107
0.209039
0.442458
0.014997
0.591164
0.129406
0.356596
0.361373
0.958504
0.716828
0.839141
0.483141
0.355440
0.752217
0.998917
0.568595
0.043540
0.953892
0.509085
0.815838
0.127028
0.664352
0.650852
0.440531
0.368311
0.654990
0.819550
0.559573
0.179254
0.358281
0.540619
0.644125
0.276359
0.925535
0.603911
0.643882
0.471579
0.408552
0.866627
0.901662
0.533933
0.705768
0.867945
0.744813
0.239496
0.216716
0.813408
0.163658
0.410377
0.102812
0.485235
0.414432
0.986846
0.621322
0.709925
0.361734
0.776312
0.264738
0.783040
0.993330
0.186509
0.102957
0.318727
0.399377
0.374597
0.741366
0.471318
0.043272
0.558470
0.809263
0.594014
0.592403
0.257516
0.120245
0.052326
0.973016
0.207205
0.650624
0.627647
0.324788
0.243279
0.598117
0.978439
0.959963
0.719439
0.344182
0.683430
0.248938
0.179460
0.483235
0.989080
0.030121
0.790129
0.626534
0.381316
0.539322
0.433950
0.088158
0.731674
0.463185
0.128633
0.206422
0.518772
0.264781
0.196912
0.855988
0.502578
0.077059
0.506612
0.630225
0.766043
0.979729
0.364171
0.023265
0.117462
0.947781
0.466424
0.311561
0.943531
0.325344
0.073699
0.466305
0.307282
0.879721
0.559145
0.109649
0.014360
0.463522
0.582463
0.650717
0.053338
0.596994
0.976405
0.872186
0.626556
0.764052
0.364087
0.629135
0.440260
0.734786
0.379680
0.646563
0.022329
0.246925
0.891046
0.654207
0.233871
0.823893
0.777329
0.879014
0.974581
0.866921
0.405812
0.589145
0.746642
0.870769
0.966340
0.665685
0.797814
0.000268
0.816402
0.651228
0.645797
0.396404
0.130853
0.772353
0.139215
0.751588
0.450744
0.468689
0.493187
0.165212
0.583942
0.700888
0.010134
0.121873
0.213774
0.146008
0.798881
0.632424
0.240762
0.096683
0.499673
0.387335
0.862606
0.745988
0.645440
0.414473
0.911673
0.943254
0.877749
0.364038
0.297241
0.130886
0.032555
0.617896
0.795899
0.144435
0.434742
0.697387
0.257560
0.213964
0.858235
0.599062
0.556745
0.063348
0.574049
0.911840
0.147704
0.109116
0.272132
0.017308
0.040399
0.543611
0.414268
0.508997
0.394799
0.486988
0.418972
0.701272
0.917230
0.715692
0.929348
0.511712
0.739238
0.475116
0.314804
0.535138
0.263986
0.124886
0.366263
0.543093
0.854948
0.295380
0.321077
0.227923
0.298773
0.179051
0.102942
0.344182
0.147283
0.433900
0.742228
0.735525
0.911410
0.570763
0.186131
0.350504
0.544739
0.291233
0.902280
0.240492
0.798159
0.831628
0.015214
0.537397
0.781859
0.301644
0.143134
0.809832
0.602379
0.402530
0.106616
0.239332
0.055989
0.995080
0.054314
0.496683
0.711284
0.086569
0.681731
0.800418
0.560354
0.230990
0.133986
0.485882
0.994722
0.780466
0.168193
0.539460
0.862933
0.287526
0.501428
0.661092
0.906680
0.975108
0.174622
0.344270
0.072299
0.096378
0.998372
0.680775
0.288042
0.425649
0.638102
0.971906
0.846378
0.507123
0.965272
0.139416
0.174920
0.323501
0.858081
0.760032
0.285481
0.111753
0.731796
0.141421
0.674491
0.452284
0.605144
0.134356
0.061226
0.303286
0.698516
0.886301
0.145420
0.897005
0.574841
0.165019
0.668030
0.143303
0.840851
0.372057
0.462255
0.489477
0.716020
0.770888
0.986076
0.340646
0.828551
0.685754
0.828296
0.686631
0.236447
0.899257
0.580655
0.338791
0.964941
0.005900
0.145538
0.002227
0.198142
0.140443
0.676656
0.247771
0.948071
0.758337
0.888091
0.065364
0.918413
0.556120
0.149031
0.379632
0.800235
0.520635
0.184554
0.258127
0.395762
0.724294
0.174387
0.310037
0.910048
0.525844
0.806705
0.855834
0.925101
0.221840
0.533417
0.222510
0.160627
0.615567
0.960126
0.058442
0.677338
0.079598
0.231540
0.312705
0.895119
0.203563
0.324160
0.406766
0.870372
0.744446
0.071600
0.083826
0.382540
0.202753
0.343431
0.139151
0.535307
0.442205
0.338339
0.236339
0.056891
0.983383
0.200297
0.835355
0.870743
0.834606
0.725396
0.513250
0.950173
0.342761
0.118541
0.039219
0.411152
0.218622
0.752920
0.717423
0.086093
0.901241
0.530955
0.559113
0.161422
0.603752
0.729720
0.455384
0.914766
0.916582
0.967371
0.950073
0.050062
0.644049
0.895428
0.011113
0.627432
0.696617
0.546600
0.062386
0.531223
0.385998
0.063928
0.490698
0.957519
0.059984
0.304454
0.779823
0.208560
0.861827
0.997246
0.522979
0.763068
0.033013
0.145523
0.908755
0.009874
0.202953
0.409761
0.546719
0.728394
0.786894
0.000973
0.529386
0.465471
0.446110
0.740632
0.558375
0.588837
0.393616
0.139138
0.310030
0.559229
0.141994
0.075182
0.258374
0.131932
0.710365
0.796571
0.107746
0.071524
0.396909
0.884946
0.835261
0.822019
0.483519
0.744015
0.953973
0.389425
0.563538
0.250346
0.507244
0.425216
0.997484
0.536630
0.012209
0.889704
0.388631
0.209937
0.061159
0.564495
0.112037
0.598603
0.311862
0.241069
0.700060
0.080059
0.031000
0.455212
0.937043
0.106746
0.982617
0.182715
0.369459
0.408939
0.552880
0.088244
0.561893
0.253426
0.492403
0.312715
0.007930
0.992050
0.243965
0.505028
0.264340
0.757236
0.111842
0.805942
0.596985
0.873274
0.435219
0.993285
0.121485
0.248540
0.957561
0.671937
0.158658
0.949565
0.291181
0.571677
0.803536
0.564979
0.802537
0.542453
0.882856
0.106927
0.748409
0.944749
0.431134
0.733214
0.570180
0.869813
0.725264
0.136510
0.437421
0.753944
0.803278
0.769574
0.279943
0.450132
0.160712
0.116291
0.893548
0.153681
0.231121
0.053194
0.786662
0.069890
0.800674
0.869024
0.315398
0.302105
0.467001
0.933333
0.323332
0.408429
0.024648
0.895072
0.761607
0.325509
0.628287
0.415894
0.520832
0.426776
0.438915
0.055980
0.607495
0.681107
0.665248
0.333691
0.581370
0.808096
0.298853
0.243730
0.922821
0.522192
0.206507
0.354742
0.581312
0.626703
0.144627
0.712108
0.182728
0.256255
0.645441
0.438788
0.207342
0.934190
0.772649
0.590975
0.585208
0.450468
0.461381
0.606040
0.188622
0.050037
0.501713
0.107748
0.030678
0.041685
0.264682
0.563069
0.975057
0.156768
0.268994
0.448939
0.649263
0.432008
0.075920
0.730575
0.247680
0.171467
0.117835
0.045102
0.698378
0.588123
0.299604
0.527746
0.261157
0.871857
0.618721
0.303761
0.193198
0.541484
0.713562
0.065910
0.842075
0.178819
0.027789
0.823774
0.220559
0.459313
0.886843
0.857293
0.545697
0.924831
0.755172
0.347480
0.788847
0.862534
0.925534
0.779565
0.274201
0.434108
0.501197
0.746781
0.956340
0.600405
0.193632
0.489326
0.972263
0.893248
0.073272
0.745055
0.233683
0.799736
0.772335
0.388404
0.515011
0.165399
0.600581
0.897247
0.290111
0.493712
0.377270
0.625919
0.912255
0.509712
0.102610
0.701102
0.218061
0.746413
0.490334
0.460324
0.614630
0.490932
0.667429
0.570970
0.582270
0.007359
0.549623
0.277266
0.835205
0.635798
0.799588
0.024061
0.233883
0.571923
0.273372
0.950545
0.733519
0.647325
0.423896
0.813742
0.039672
0.009411
0.939661
0.547004
0.612045
0.760540
0.374053
0.984291
0.253477
0.728773
0.452470
0.310792
0.710637
0.572369
0.692554
0.396453
0.514325
0.371089
0.847439
0.849530
0.877975
0.323513
0.619467
0.813508
0.718949
0.666211
0.382027
0.238117
0.203384
0.076481
0.191553
0.237071
0.089272
0.705872
0.124411
0.826224
0.483206
0.371698
0.405257
0.121671
0.972169
0.178864
0.297475
0.341403
0.393912
0.787504
0.975713
0.802149
0.529681
0.411576
0.040730
0.226914
0.242545
0.771147
0.721164
0.086141
0.117170
0.985217
0.160399
0.750895
0.597063
0.056738
0.699181
0.811242
0.613680
0.694471
0.079683
0.580092
0.234467
0.947981
0.008648
0.910036
0.663435
0.324204
0.296421
0.951259
0.467955
0.568555
0.753408
0.965591
0.891707
0.905087
0.218312
0.861885
0.676234
0.594411
0.551013
0.613592
0.579628
0.346305
0.027015
0.338345
0.300209
0.281834
0.015436
0.178524
0.758139
0.078175
0.794190
0.696006
0.573379
0.847647
0.606041
0.736814
0.498027
0.698883
0.172018
0.232991
0.191859
0.941480
0.897557
0.659145
0.846567
0.770804
0.260515
0.261401
0.865214
0.071505
0.636394
0.014763
0.382327
0.250440
0.310766
0.216268
0.070569
0.304732
0.072396
0.822687
0.734863
0.218340
0.518693
0.404121
0.721007
0.312367
0.545056
0.717061
0.823618
0.366564
0.649027
0.591056
0.674609
0.546584
0.187550
0.260588
0.025543
0.385615
0.067997
0.682601
0.421637
0.340186
0.627443
0.037995
0.170313
0.374488
0.972999
0.186450
0.107305
0.552168
0.568489
0.593304
0.925528
0.293591
0.450773
0.646535
0.177979
0.946602
0.431798
0.535535
0.679731
0.008010
0.313295
0.854340
0.559207
0.438396
0.875517
0.876594
0.648022
0.114937
0.559195
0.991295
0.299934
0.021457
0.018726
0.390560
0.467807
0.572221
0.263461
0.794056
0.312195
0.595410
0.443680
0.137479
0.085324
0.197227
0.696452
0.223627
0.183877
0.560049
0.232511
0.915239
0.572672
0.278317
0.384790
0.078985
0.933424
0.322549
0.254236
0.290723
0.282297
0.567668
0.572741
0.166115
0.754307
0.671963
0.472790
0.344961
0.372092
0.243125
0.983977
0.868574
0.567912
0.871337
0.918492
0.750503
0.165061
0.307472
0.322505
0.111969
0.674993
0.287527
0.810991
0.747665
0.157922
0.145143
0.879544
0.565111
0.362835
0.888016
0.646557
0.098783
0.477842
0.719298
0.238681
0.354995
0.445630
0.450152
0.056245
0.635445
0.436403
0.883890
0.252010
0.940717
0.188807
0.922511
0.691220
0.057217
0.537456
0.836231
0.101403
0.356224
0.911285
0.311107
0.960114
0.542971
0.351393
0.839658
0.608082
0.232114
0.090959
0.377319
0.179679
0.683358
0.973936
0.042090
0.893349
0.432599
0.286872
0.793261
0.500643
0.059159
0.338575
0.504662
0.887267
0.466189
0.115897
0.072311
0.847849
0.964629
0.914718
0.659072
0.677078
0.012906
0.781287
0.637192
0.434487
0.984073
0.244212
0.977056
0.912528
0.176131
0.731695
0.631245
0.887881
0.705631
0.804686
0.097654
0.570829
0.878430
0.574491
0.017858
0.824979
0.751642
0.576134
0.712246
0.342010
0.503308
0.790733
0.531870
0.483968
0.705452
0.172735
0.645015
0.531455
0.486114
0.097776
0.900429
0.956302
0.189764
0.219371
0.868830
0.963579
0.076148
0.125019
0.212865
0.814811
0.201190
0.632690
0.221410
0.683190
0.353591
0.239278
0.508170
0.479412
0.533245
0.011257
0.010044
0.268276
0.511150
0.674713
0.126122
0.358301
0.865655
0.649504
0.187014
0.837884
0.465855
0.648485
0.794186
0.345383
0.065746
0.331508
0.654346
0.039697
0.331545
0.126452
0.949962
0.483925
0.638496
0.835602
0.081380
0.845678
0.792713
0.659211
0.804501
0.025811
0.879627
0.947345
0.431256
0.055674
0.311029
0.433501
0.607378
0.246928
0.516506
0.855435
0.825597
0.948217
0.251960
0.154946
0.159746
0.264945
0.391399
0.793329
0.332521
0.945888
0.799136
0.615003
0.913739
0.029301
0.237651
0.564780
0.195827
0.743318
0.361995
0.587811
0.569277
0.603618
0.535155
0.931789
0.497198
0.657214
0.798790
0.601774
0.644927
0.815296
0.029913
0.970524
0.190878
0.480564
0.590307
0.112812
0.991019
0.109138
0.173956
0.656060
0.818993
0.994961
0.771063
0.183183
0.233148
0.721668
0.199378
0.089488
0.964986
0.260751
0.803714
0.133566
0.078140
0.052429
0.483026
0.309758
0.498041
0.764841
0.721289
0.641010
0.036259
0.678498
0.152883
0.843649
0.639626
0.350920
0.746145
0.315323
0.287473
0.941970
0.393353
0.893938
0.936931
0.557768
0.626670
0.869524
0.194859
0.924181
0.585427
0.744422
0.472842
0.444570
0.389343
0.285402
0.728010
0.093092
0.172580
0.724093
0.509578
0.911608
0.216276
0.294858
0.295053
0.976636
0.933365
0.729732
0.678477
0.169878
0.430189
0.753422
0.310740
0.080885
0.040460
0.558412
0.704851
0.774030
0.231984
0.984287
0.698211
0.513364
0.728709
0.643895
0.902505
0.507395
0.714699
0.315257
0.752132
0.905018
0.854608
0.190428
0.408313
0.179928
0.425713
0.113342
0.696346
0.784791
0.636465
0.218706
0.482150
0.996842
0.628245
0.073223
0.643925
0.775606
0.644193
0.212194
0.008588
0.572129
0.052066
0.747847
0.146373
0.561772
0.222936
0.987998
0.142292
0.606441
0.309256
0.821299
0.255729
0.973121
0.583009
0.207021
0.692831
0.467217
0.183704
0.444589
0.719225
0.013614
0.382000
0.683526
0.868124
0.892246
0.769307
0.512049
0.166963
0.228375
0.860824
0.717488
0.985629
0.693887
0.120667
0.571122
0.005904
0.857078
0.559120
0.206206
0.015055
0.677633
0.646124
0.974977
0.325377
0.729133
0.803062
0.105448
0.663568
0.067235
0.366381
0.110349
0.113645
0.996762
0.283159
0.777286
0.222252
0.835625
0.098667
0.556859
0.093641
0.081270
0.387174
0.734754
0.844045
0.369841
0.805876
0.074963
0.596760
0.432498
0.231133
0.140070
0.542629
0.035666
0.535256
0.693382
0.799788
0.419159
0.536966
0.015052
0.438099
0.192432
0.105769
0.392680
0.766489
0.456233
0.140661
0.655497
0.374045
0.212995
0.356178
0.498608
0.125535
0.061669
0.731969
0.211546
0.726386
0.134461
0.236472
0.411573
0.451420
0.001700
0.441713
0.945470
0.058817
0.918682
0.638852
0.740861
0.005914
0.168954
0.704216
0.316599
0.118193
0.034398
0.918559
0.712035
0.481415
0.981205
0.867532
0.088865
0.833185
0.579888
0.354068
0.417662
0.283296
0.117513
0.340753
0.792979
0.244488
0.313697
0.616125
0.880792
0.498907
0.499775
0.103283
0.938886
0.918232
0.965113
0.339873
0.675232
0.160233
0.441982
0.404215
0.146619
0.467164
0.726990
0.399255
0.224289
0.088524
0.666042
0.608079
0.541379
0.372965
0.816216
0.876702
0.203131
0.756321
0.558209
0.605502
0.045892
0.685604
0.721627
0.615064
0.341709
0.721178
0.941325
0.622304
0.319705
0.906438
0.802051
0.407321
0.547368
0.686014
0.155768
0.633844
0.620341
0.850062
0.932354
0.064687
0.558257
0.299198
0.625578
0.037477
0.844327
0.058862
0.122042
0.656850
0.174529
0.534548
0.762352
0.233097
0.720152
0.061499
0.547451
0.903570
0.705157
0.494388
0.131468
0.844567
0.895213
0.827924
0.659209
0.235645
0.513938
0.782281
0.144106
0.079285
0.316172
0.508779
0.040736
0.690601
0.037948
0.777356
0.395119
0.951503
0.359575
0.383288
0.304177
0.458632
0.801124
0.870706
0.424826
0.032580
0.854685
0.897102
0.924846
0.034990
0.885877
0.950720
0.452204
0.781090
0.778645
0.563617
0.723671
0.198146
0.845899
0.800096
0.231715
0.978243
0.808876
0.578640
0.668843
0.916052
0.427998
0.959080
0.108444
0.035947
0.725656
0.487954
0.496204
0.131695
0.211654
0.105258
0.548056
0.701299
0.739162
0.243226
0.380571
0.625039
0.115453
0.166388
0.453065
0.702267
0.729168
0.629800
0.994850
0.287533
0.929896
0.921712
0.276654
0.184693
0.125088
0.722152
0.654824
0.856347
0.340616
0.522378
0.931492
0.906889
0.998287
0.461950
0.933669
0.844901
0.382980
0.061358
0.546200
0.126281
0.954627
0.807342
0.630162
0.878250
0.972892
0.536291
0.145129
0.351030
0.333045
0.575367
0.777126
0.595987
0.498539
0.830435
0.834760
0.997430
0.276293
0.494792
0.426889
0.001433
0.511961
0.785269
0.640708
0.510248
0.709169
0.287189
0.053447
0.487565
0.556102
0.901349
0.490126
0.063841
0.088586
0.610414
0.888979
0.681584
0.323352
0.969496
0.220911
0.203199
0.004257
0.660769
0.227196
0.270971
0.247801
0.743543
0.539372
0.271895
0.366563
0.893149
0.388805
0.745088
0.678418
0.918319
0.377668
0.027737
0.992696
0.610485
0.431358
0.274399
0.255917
0.105371
0.279763
0.720526
0.953384
0.948505
0.112764
0.600088
0.057375
0.196438
0.456442
0.060179
0.946522
0.410834
0.504805
0.937726
0.565211
0.002126
0.981517
0.798337
0.234332
0.759128
0.543425
0.615744
0.338723
0.798761
0.503331
0.335071
0.227311
0.108256
0.089868
0.921080
0.044314
0.778467
0.320803
0.165600
0.363486
0.271858
0.762489
0.644973
0.829469
0.675373
0.607837
0.096999
0.997041
0.306321
0.356859
0.562252
0.656820
0.695235
0.430295
0.594146
0.954362
0.904014
0.088736
0.631809
0.702775
0.713220
0.801952
0.612021
0.579268
0.032556
0.266551
0.394142
0.799359
0.168677
0.475343
0.526331
0.718424
0.713174
0.041957
0.273946
0.888547
0.194785
0.411942
0.221397
0.445892
0.134400
0.947841
0.548603
0.366418
0.404215
0.005021
0.687199
0.712444
0.106580
0.409504
0.457610
0.282930
0.310480
0.263620
0.645127
0.320926
0.140085
0.933412
0.941211
0.735049
0.884097
0.483771
0.029796
0.597271
0.638847
0.250683
0.492909
0.917989
0.206312
0.435704
0.809773
0.862852
0.409624
0.858376
0.595688
0.156920
0.501126
0.097861
0.840123
0.106721
0.300948
0.377671
0.459812
0.180714
0.006114
0.564751
0.432354
0.210731
0.998163
0.805918
0.577974
0.441130
0.386731
0.531447
0.979532
0.912308
0.532813
0.965351
0.051894
0.053629
0.418379
0.640070
0.720915
0.164002
0.249612
0.051038
0.097961
0.249893
0.074936
0.623809
0.213334
0.350693
0.879151
0.386480
0.924240
0.661734
0.837712
0.788947
0.252329
0.417938
0.594866
0.582633
0.718136
0.868327
0.614080
0.348834
0.024395
0.161723
0.331509
0.038183
0.126239
0.249944
0.751003
0.725871
0.081973
0.374725
0.542473
0.014679
0.374511
0.641963
0.563279
0.301180
0.026355
0.942430
0.027354
0.767589
0.302082
0.713032
0.139134
0.152206
0.274454
0.651402
0.021608
0.767043
0.129932
0.805536
0.964711
0.200091
0.952429
0.627730
0.227824
0.478692
0.627507
0.331150
0.683255
0.783291
0.227937
0.725729
0.722761
0.330386
0.433846
0.786040
0.190783
0.355520
0.182118
0.159613
0.978629
0.416317
0.851484
0.267583
0.941458
0.900391
0.686567
0.632914
0.041715
0.044144
0.029327
0.316072
0.126665
0.890878
0.759874
0.917957
0.848263
0.887381
0.580256
0.531518
0.083834
0.992006
0.189312
0.223359
0.652778
0.312469
0.679474
0.915910
0.835979
0.907945
0.554362
0.407304
0.740580
0.113231
0.106222
0.085255
0.403118
0.134085
0.814952
0.486835
0.185659
0.753401
0.151454
0.093662
0.644280
0.432845
0.667254
0.248136
0.753070
0.186878
0.524060
0.923743
0.739517
0.781306
0.817177
0.223074
0.453122
0.498326
0.808205
0.742223
0.904596
0.431284
0.556832
0.645176
0.768413
0.453303
0.827214
0.574649
0.471474
0.642166
0.548320
0.342792
0.447784
0.163534
0.467441
0.539847
0.259912
0.150534
0.133097
0.772894
0.106206
0.556449
0.087080
0.147291
0.837755
0.016057
0.030671
0.744000
0.255233
0.394833
0.246556
0.228765
0.163058
0.543055
0.560238
0.920645
0.949660
0.443726
0.248824
0.892607
0.529618
0.135904
0.578192
0.115648
0.087219
0.256537
0.965032
0.358786
0.307606
0.997421
0.990467
0.482429
0.553870
0.687105
0.277011
0.445813
0.700919
0.535483
0.635625
0.355692
0.825148
0.621848
0.313223
0.977380
0.083113
0.686685
0.898025
0.000002
0.574136
0.893320
0.507170
0.603754
0.936934
0.585362
0.528939
0.634683
0.598437
0.248493
0.852256
0.713648
0.123924
0.421362
0.678506
0.545261
0.264914
0.366265
0.936887
0.730747
0.768012
0.143128
0.942132
0.296580
0.694360
0.568579
0.570541
0.859263
0.377632
0.121071
0.973826
0.414700
0.430943
0.980996
0.933154
0.798820
0.283179
0.120262
0.933503
0.664795
0.239016
0.196440
0.439221
0.236864
0.628483
0.556949
0.992716
0.658312
0.789479
0.232401
0.444529
0.017422
0.031382
0.415596
0.325326
0.696474
0.899770
0.360596
0.555737
0.327516
0.344879
0.264781
0.246108
0.137911
0.510558
0.917586
0.212616
0.576916
0.879679
0.783968
0.370856
0.835743
0.569728
0.155039
0.024475
0.087276
0.338552
0.775914
0.856523
0.966582
0.176379
0.186395
0.262037
0.176908
0.288386
0.168681
0.226026
0.976542
0.447959
0.959842
0.631575
0.585676
0.989404
0.616008
0.637321
0.999962
0.266797
0.987786
0.288439
0.913274
0.385877
0.818590
0.749016
0.052593
0.938744
0.532214
0.067462
0.615847
0.202032
0.448108
0.582430
0.064206
0.320899
0.606503
0.721275
0.089821
0.781229
0.625380
0.695112
0.338573
0.146306
0.826687
0.762822
0.574626
0.235674
0.225036
0.287294
0.976290
0.443964
0.651468
0.111195
0.164921
0.485029
0.638580
0.125291
0.908802
0.335397
0.540857
0.524649
0.978921
0.937072
0.018971
0.992565
0.578869
0.713582
0.178460
0.797439
0.497405
0.839220
0.496275
0.083995
0.924442
0.819238
0.934779
0.999069
0.190483
0.208731
0.573658
0.738223
0.361425
0.362563
0.627786
0.441266
0.173796
0.766366
0.883697
0.075498
0.937159
0.028892
0.628634
0.458040
0.861626
0.735712
0.454323
0.235124
0.474647
0.311243
0.737933
0.118013
0.240426
0.730484
0.616062
0.886148
0.549722
0.068855
0.221304
0.811656
0.221441
0.479438
0.274939
0.304307
0.171000
0.677665
0.991147
0.879184
0.472015
0.109355
0.983169
0.440595
0.099925
0.076475
0.099659
0.661023
0.847515
0.352958
0.601518
0.796809
0.828401
0.209863
0.740915
0.790107
0.569936
0.428489
0.338128
0.309829
0.907819
0.561473
0.931314
0.793583
0.520348
0.981192
0.451099
0.704349
0.658857
0.893344
0.291767
0.602888
0.768188
0.566702
0.984077
0.567586
0.678505
0.390674
0.364304
0.263010
0.030852
0.830127
0.822829
0.815664
0.669578
0.563744
0.302886
0.011555
0.920721
0.782027
0.859172
0.414270
0.105438
0.049405
0.311061
0.863848
0.192919
0.065540
0.284099
0.930535
0.917664
0.651731
0.066678
0.342926
0.179608
0.258750
0.753438
0.056059
0.199712
0.982047
0.461479
0.196528
0.203043
0.372893
0.300887
0.981752
0.809530
0.176887
0.721265
0.365126
0.989573
0.145109
0.558791
0.833073
0.870923
0.680914
0.348461
0.642600
0.705234
0.765120
0.286568
0.311449
0.458425
0.303279
0.101094
0.317642
0.039004
0.562189
0.266111
0.230726
0.068029
0.955179
0.709016
0.214102
0.700965
0.810791
0.838161
0.255248
0.518337
0.279713
0.185187
0.507910
0.639864
0.799538
0.420492
0.063848
0.245113
0.537905
0.653387
0.685685
0.401513
0.726522
0.808583
0.179969
0.833080
0.617334
0.427580
0.478569
0.339761
0.887382
0.440021
0.361879
0.421281
0.589059
0.290084
0.543527
0.449925
0.918329
0.554022
0.459093
0.488878
0.794769
0.926096
0.617620
0.594307
0.767080
0.628407
0.574758
0.402493
0.390897
0.760444
0.038001
0.508316
0.284514
0.206972
0.420698
0.171590
0.683047
0.099817
0.432942
0.035652
0.678576
0.589642
0.456495
0.383818
0.669810
0.956517
0.667484
0.588139
0.255270
0.585670
0.565896
0.805309
0.255883
0.341758
0.449808
0.778847
0.811923
0.121797
0.291916
0.593717
0.734818
0.345921
0.301016
0.803845
0.519730
0.235857
0.990207
0.351388
0.741962
0.428045
0.386603
0.028767
0.945733
0.085774
0.344087
0.307771
0.642713
0.855658
0.703682
0.653253
0.470664
0.384789
0.479281
0.238274
0.238273
0.858178
0.091493
0.765016
0.832552
0.407887
0.214683
0.283685
0.126904
0.480383
0.871215
0.527347
0.904194
0.861422
0.730123
0.080770
0.717512
0.503328
0.070837
0.331622
0.689524
0.377434
0.194697
0.416118
0.305263
0.491235
0.985489
0.137964
0.094006
0.472026
0.504950
0.705141
0.802229
0.736892
0.242539
0.158695
0.552667
0.828890
0.351075
0.560284
0.789655
0.573365
0.587631
0.346925
0.233697
0.204439
0.420003
0.652299
0.205271
0.453350
0.815544
0.510606
0.661569
0.297166
0.421421
0.772096
0.072100
0.828332
0.823951
0.025902
0.772383
0.207225
0.533990
0.287306
0.565794
0.252073
0.354696
0.004832
0.833036
0.227886
0.084843
0.311346
0.123113
0.766375
0.816541
0.229924
0.584129
0.656546
0.142998
0.905212
0.281623
0.887538
0.915818
0.724816
0.981870
0.758660
0.498456
0.558671
0.293496
0.820862
0.221880
0.429688
0.324882
0.921510
0.233497
0.715557
0.925656
0.643380
0.026063
0.379346
0.554922
0.064095
0.881384
0.539830
0.779137
0.348963
0.029985
0.431633
0.854472
0.132879
0.384239
0.917718
0.919055
0.684296
0.321267
0.900925
0.471478
0.159861
0.239899
0.132487
0.480154
0.052945
0.444662
0.152518
0.384313
0.823312
0.825629
0.694282
0.483346
0.659647
0.238244
0.521614
0.672409
0.834359
0.561443
0.475773
0.532284
0.520967
0.814812
0.110845
0.552485
0.583291
0.025140
0.485770
0.191897
0.473504
0.872465
0.355272
0.586454
0.208015
0.370246
0.546762
0.169794
0.629817
0.656834
0.473901
0.059571
0.007675
0.160521
0.459910
0.160527
0.018596
0.941435
0.814518
0.929417
0.125720
0.383032
0.120213
0.523845
0.580877
0.053029
0.288165
0.332084
0.040808
0.547870
0.465877
0.599941
0.115042
0.160575
0.343198
0.188099
0.441396
0.733158
0.931571
0.512609
0.055624
0.879373
0.965738
0.054528
0.521456
0.885559
0.128641
0.616515
0.826994
0.207271
0.068241
0.829872
0.297574
0.007932
0.853717
0.676024
0.856092
0.930047
0.840192
0.509025
0.488959
0.771947
0.152241
0.898252
0.914246
0.397681
0.650647
0.797037
0.528519
0.072777
0.809646
0.918511
0.030050
0.387692
0.395483
0.983048
0.082618
0.402765
0.599562
0.987936
0.317307
0.645494
0.408904
0.182440
0.040821
0.671525
0.905785
0.509220
0.601572
0.186494
0.259122
0.579490
0.517924
0.627211
0.244435
0.466085
0.922572
0.157097
0.364604
0.951092
0.177652
0.538854
0.108700
0.168050
0.814238
0.330284
0.040953
0.975180
0.966098
0.754809
0.240779
0.600711
0.450151
0.780925
0.103809
0.276715
0.059528
0.736257
0.562651
0.554022
0.491117
0.290448
0.633512
0.500158
0.708106
0.611254
0.466164
0.315339
0.739643
0.165384
0.581770
0.475125
0.700390
0.475686
0.311224
0.128657
0.076493
0.388847
0.123726
0.578039
0.532503
0.238231
0.678750
0.116601
0.733850
0.509222
0.493118
0.085787
0.372739
0.274444
0.740321
0.181928
0.009840
0.054615
0.181968
0.837889
0.492544
0.330099
0.968567
0.724730
0.410867
0.550337
0.674980
0.522125
0.501709
0.099679
0.536753
0.613650
0.287561
0.526561
0.691689
0.151906
0.244871
0.435219
0.135108
0.713336
0.879660
0.263334
0.899635
0.625139
0.035972
0.639956
0.426426
0.044084
0.513790
0.290361
0.543229
0.998877
0.092615
0.511796
0.723607
0.281327
0.281067
0.449293
0.584780
0.563843
0.348007
0.155383
0.169373
0.771137
0.162023
0.869181
0.878763
0.009806
0.739620
0.919195
0.840915
0.309640
0.945864
0.740550
0.186105
0.130355
0.440253
0.298635
0.181690
0.894296
0.169498
0.384994
0.893172
0.229728
0.781785
0.038549
0.490783
0.843918
0.257683
0.566346
0.453881
0.711380
0.687879
0.292627
0.491259
0.835972
0.238609
0.861280
0.963551
0.694055
0.195119
0.804466
0.406668
0.726339
0.272508
0.278877
0.747760
0.057845
0.020470
0.060907
0.819817
0.208254
0.372254
0.178247
0.046996
0.526294
0.207442
0.366748
0.435106
0.845134
0.799842
0.097247
0.069564
0.123465
0.431613
0.269516
0.205923
0.408831
0.900312
0.787244
0.255859
0.680787
0.295855
0.103132
0.226782
0.159182
0.441404
0.081861
0.140562
0.268916
0.078676
0.441033
0.435425
0.436957
0.297528
0.311389
0.900208
0.924824
0.107034
0.770420
0.384979
0.656115
0.548393
0.413236
0.643835
0.911620
0.216376
0.967528
0.364641
0.765816
0.754772
0.185250
0.473301
0.846483
0.141513
0.426865
0.122901
0.474429
0.254308
0.136364
0.123336
0.319010
0.463762
0.428770
0.127984
0.522579
0.245080
0.912143
0.118425
0.209148
0.170641
0.358681
0.992707
0.730955
0.135958
0.318271
0.642575
0.113667
0.151018
0.871857
0.675154
0.858842
0.612856
0.621756
0.176331
0.678907
0.975486
0.172134
0.627766
0.246025
0.733992
0.614458
0.311061
0.661515
0.971999
0.634056
0.171023
0.952317
0.273099
0.157874
0.788909
0.728761
0.424429
0.048851
0.239929
0.446346
0.459079
0.602291
0.401015
0.261114
0.243537
0.977183
0.881070
0.587004
0.299470
0.073299
0.382956
0.071803
0.193732
0.893678
0.139632
0.508922
0.063517
0.340324
0.670437
0.980134
0.814704
0.854531
0.466226
0.215226
0.493014
0.721360
0.589664
0.052180
0.502976
0.549380
0.727578
0.230283
0.651671
0.529607
0.471681
0.625819
0.506791
0.412216
0.712822
0.605731
0.455413
0.978734
0.680156
0.342878
0.872411
0.738682
0.173670
0.880547
0.459665
0.865116
0.860681
0.734034
0.359824
0.793132
0.594937
0.088209
0.514493
0.342300
0.540561
0.129367
0.366990
0.096017
0.117325
0.885652
0.797746
0.881964
0.063934
0.402269
0.706395
0.724293
0.455134
0.617222
0.703027
0.590424
0.802979
0.143860
0.829106
0.997657
0.955985
0.748436
0.431387
0.408333
0.491235
0.582421
0.076225
0.288703
0.788096
0.624291
0.190502
0.414329
0.641760
0.497994
0.298398
0.145091
0.881641
0.111818
0.962326
0.446556
0.349540
0.167180
0.617405
0.076169
0.785943
0.102554
0.349886
0.036808
0.223968
0.528878
0.293289
0.212964
0.388657
0.237338
0.334261
0.189946
0.531773
0.389160
0.418595
0.819869
0.902610
0.599199
0.648526
0.544370
0.595187
0.186331
0.624732
0.976828
0.159966
0.146764
0.869939
0.419473
0.023618
0.003857
0.948294
0.541721
0.807777
0.648066
0.630643
0.703647
0.169236
0.717222
0.555503
0.477129
0.333287
0.181006
0.357021
0.698347
0.251172
0.551233
0.259108
0.014140
0.040652
0.083343
0.949323
0.745619
0.228016
0.287027
0.180612
0.068991
0.330556
0.592386
0.445439
0.458445
0.289865
0.839171
0.958612
0.887508
0.493619
0.009207
0.147789
0.332091
0.403238
0.323329
0.154610
0.030408
0.435341
0.832482
0.671397
0.054564
0.220929
0.344807
0.048624
0.133537
0.428178
0.727302
0.779767
0.384210
0.801356
0.251107
0.410176
0.962469
0.594601
0.177807
0.879359
0.674332
0.275200
0.026187
0.035115
0.067205
0.927227
0.652995
0.701820
0.733704
0.799652
0.820260
0.706755
0.670334
0.326371
0.439076
0.543359
0.268229
0.141941
0.410669
0.285303
0.462061
0.548639
0.212593
0.173136
0.849995
0.426294
0.256447
0.203116
0.947190
0.724124
0.172956
0.621522
0.774525
0.132449
0.683362
0.812163
0.957022
0.209089
0.032124
0.172682
0.636009
0.104280
0.897481
0.201586
0.493493
0.387817
0.424851
0.523443
0.421699
0.020970
0.594050
0.767520
0.719677
0.944424
0.960062
0.284836
0.797012
0.243239
0.882136
0.744202
0.697080
0.573960
0.432862
0.242901
0.603755
0.549085
0.783768
0.560777
0.442721
0.398875
0.751504
0.521450
0.315997
0.648985
0.413896
0.154745
0.924618
0.021172
0.642422
0.768017
0.003315
0.736471
0.267768
0.568209
0.010639
0.248900
0.318941
0.488954
0.121069
0.520018
0.722109
0.665635
0.037124
0.587833
0.637239
0.697733
0.159230
0.230252
0.189627
0.261180
0.359379
0.255007
0.033988
0.053172
0.658998
0.435802
0.969729
0.291808
0.274549
0.306075
0.851633
0.448815
0.848622
0.443585
0.965839
0.132379
0.441384
0.603721
0.253712
0.425662
0.155935
0.729534
0.516958
0.179429
0.408683
0.163549
0.228862
0.477143
0.071901
0.005265
0.976645
0.793962
0.341986
0.520456
0.644713
0.842971
0.892059
0.153610
0.926587
0.941157
0.726593
0.778221
0.838786
0.287608
0.665391
0.201156
0.302366
0.548159
0.227087
0.153039
0.899483
0.033255
0.841691
0.458220
0.749802
0.659058
0.285319
0.665251
0.153336
0.322921
0.839210
0.589988
0.939804
0.002044
0.305222
0.584517
0.866154
0.502504
0.698959
0.792741
